1781181108252 0.00019547311827956988 0
1781181169822 0.00039137749994517656 1
1781181210310 0.0005868992924978593 2
1781181252022 0.0005867082654173725 3
1781181295508 0.0005857049049645919 4
1781181348514 0.0005844165684136208 5
1781181407790 0.0005828445271970921 6
1781181450138 0.0005809903327298918 7
1781181494211 0.0005788558148780993 8
1781181540284 0.000576443080153131 9
1781181586059 0.0005737545096328674 10
1781181631976 0.0005707927566118168 11
1781181677964 0.0005675607439826344 12
1781181723819 0.0005640616613515795 13
1781181769985 0.0005602989618907596 14
1781181816722 0.0005562763589302663 15
1781181863020 0.0005519978222935669 16
1781181909229 0.0005474675743797679 17
1781181955947 0.0005426900859966165 18
1781182002645 0.0005376700719483539 19
1781182049038 0.0005324124863827722 20
1781182095669 0.0005269225179020684 21
1781182143149 0.0005212055844423212 22
1781182189811 0.0005152673279266416 23
1781182236992 0.000509113608697276 24
1781182284347 0.0005027504997321565 25
1781182331215 0.000496184280651604 26
1781182377625 0.000489421431521102 27
1781182450916 0.00048246862645625363 28
