2 0.6447916666666667 0.7175925925925926 0.019791666666666666 0.022222222222222223
1 0.16822916666666668 0.7842592592592592 0.021875 0.025925925925925925
7 0.7450520833333333 0.37916666666666665 0.018229166666666668 0.023148148148148147
4 0.23567708333333334 0.3675925925925926 0.0234375 0.02962962962962963
5 0.35494791666666664 0.6152777777777778 0.022395833333333334 0.028703703703703703
6 0.6895833333333333 0.5236111111111111 0.021875 0.028703703703703703
2 0.64453125 0.7092592592592593 0.0203125 0.022222222222222223
9 0.22213541666666667 0.5449074074074074 0.0234375 0.028703703703703703
3 0.37005208333333334 0.7166666666666667 0.022395833333333334 0.02962962962962963
0 0.46604166666666663 0.5267777777777778 0.019734375000000002 0.031074074074074077
8 0.6134947916666668 0.41400925925925924 0.021427083333333333 0.034083333333333334