1782127923770 0.00019553333333333333 0
1782128003777 0.0003914377002912554 1
1782128088091 0.0005869594487353992 2
1782128173445 0.0005867082654173725 3
1782128259286 0.0005857049049645919 4
1782128345567 0.0005844165684136208 5
1782128432013 0.0005828445271970921 6
1782128519291 0.0005809903327298918 7
1782128606253 0.0005788558148780993 8
1782128693184 0.000576443080153131 9
1782128779620 0.0005737545096328674 10
1782128866552 0.0005707927566118168 11
1782128953554 0.0005675607439826344 12
1782129040717 0.0005640616613515795 13
1782129126496 0.0005602989618907596 14
1782129213507 0.0005562763589302663 15
1782129300168 0.0005519978222935669 16
1782129386930 0.0005474675743797679 17
1782129473448 0.0005426900859966165 18
1782129560955 0.0005376700719483539 19
1782129647710 0.0005324124863827722 20
1782129734992 0.0005269225179020684 21
1782129825228 0.0005212055844423212 22
1782129910715 0.0005152673279266416 23
1782129997696 0.000509113608697276 24
1782130085126 0.0005027504997321565 25
1782130174148 0.000496184280651604 26
1782130260446 0.000489421431521102 27
1782130347803 0.00048246862645625363 28
1782130434164 0.00047533272703623533 29
1782130521629 0.00046802077553224723 30
1782130611514 0.00046053998795764114 31
1782130699236 0.00045289774694658673 32
1782130787644 0.000445101594468303 33
1782130874440 0.0004371592243840452 34
1782130961743 0.00042907847485419253 35
1782131049204 0.00042086732060293 36
1782131135392 0.00041253386504815916 37
1782131222219 0.0004040863323044024 38
1782131309828 0.00039553305906659455 39
1782131396462 0.00038688248638277223 40
1782131483923 0.0003781431513237781 41
1782131570582 0.0003693236785582026 42
1782131657044 0.0003604327718408777 43
1782131745807 0.000351479205423321 44
1782131832785 0.0003424718153946096 45
1782131920721 0.0003334194909612264 46
1782132007313 0.00032433116567448674 47
1782132093513 0.000315215808614202 48
1782132180377 0.00030608241553728004 49
1782132266173 0.00029694000000000004 50
1782132352659 0.00028779758446272 51
1782132438504 0.000278664191385798 52
1782132526127 0.0002695488343255132 53
1782132612792 0.00026046050903877355 54
1782132698910 0.00025140818460539044 55
1782132785325 0.000242400794576679 56
1782132871649 0.00023344722815912242 57
