1781522299534 0.23349 0
1781522335739 0.57444 1
1781522373756 0.61712 2
1781522412859 0.63402 3
1781522451942 0.64793 4
1781522495507 0.63726 5
1781522536443 0.64311 6
1781522577067 0.64576 7
1781522617813 0.66814 8
1781522659930 0.66567 9
1781522706290 0.64754 10
1781522750081 0.65988 11
1781522796872 0.66563 12
1781522853077 0.64025 13
1781522902898 0.66251 14
1781522952500 0.6672 15
1781523002760 0.66604 16
1781523048959 0.67723 17
1781523094441 0.67456 18
1781523138853 0.64282 19
1781523183850 0.67044 20
1781523227755 0.67161 21
1781523268416 0.6704 22
1781523309386 0.6721 23
1781523350169 0.68401 24
1781523391212 0.67526 25
1781523433061 0.67776 26
1781523473762 0.67907 27
1781523515372 0.65935 28
1781523556945 0.67427 29
1781523598147 0.67595 30
1781523638535 0.66691 31
1781523679570 0.67988 32
1781523720327 0.68655 33
1781523761252 0.67942 34
1781523802095 0.68265 35
1781523843275 0.67524 36
1781523884621 0.69039 37
1781523925592 0.69734 38
1781523967095 0.68787 39
1781524007571 0.69686 40
1781524048308 0.69286 41
1781524089594 0.6945 42
1781524131885 0.69854 43
1781524173398 0.69463 44
1781524218678 0.68645 45
1781524262452 0.68594 46
1781524305884 0.6967 47
1781524349276 0.69443 48
1781524393736 0.69133 49
1781524437499 0.68709 50
1781524481241 0.69344 51
1781524524238 0.69155 52
1781524565033 0.69617 53
1781524570068 0.6978608755915711 54
