1781522299534 0.38659 0
1781522335739 0.81966 1
1781522373756 0.89827 2
1781522412859 0.90698 3
1781522451942 0.92472 4
1781522495507 0.92515 5
1781522536443 0.92188 6
1781522577067 0.92826 7
1781522617813 0.92578 8
1781522659930 0.92128 9
1781522706290 0.93574 10
1781522750081 0.93271 11
1781522796872 0.93442 12
1781522853077 0.92787 13
1781522902898 0.9343 14
1781522952500 0.9332 15
1781523002760 0.93971 16
1781523048959 0.93322 17
1781523094441 0.93687 18
1781523138853 0.93688 19
1781523183850 0.93856 20
1781523227755 0.93313 21
1781523268416 0.93364 22
1781523309386 0.94061 23
1781523350169 0.93393 24
1781523391212 0.94239 25
1781523433061 0.94378 26
1781523473762 0.93739 27
1781523515372 0.93542 28
1781523556945 0.93486 29
1781523598147 0.93421 30
1781523638535 0.92845 31
1781523679570 0.94373 32
1781523720327 0.94814 33
1781523761252 0.94208 34
1781523802095 0.94169 35
1781523843275 0.94736 36
1781523884621 0.94397 37
1781523925592 0.94383 38
1781523967095 0.94546 39
1781524007571 0.94647 40
1781524048308 0.94386 41
1781524089594 0.94402 42
1781524131885 0.94789 43
1781524173398 0.94931 44
1781524218678 0.94506 45
1781524262452 0.9402 46
1781524305884 0.94295 47
1781524349276 0.94359 48
1781524393736 0.94388 49
1781524437499 0.94447 50
1781524481241 0.94466 51
1781524524238 0.93837 52
1781524565033 0.94306 53
1781524570068 0.9478729853877073 54
