1781522299534 0.49085 0
1781522335739 0.85309 1
1781522373756 0.93016 2
1781522412859 0.91767 3
1781522451942 0.94106 4
1781522495507 0.9117 5
1781522536443 0.90196 6
1781522577067 0.92964 7
1781522617813 0.9215 8
1781522659930 0.92015 9
1781522706290 0.9339 10
1781522750081 0.94586 11
1781522796872 0.94798 12
1781522853077 0.91917 13
1781522902898 0.93503 14
1781522952500 0.94632 15
1781523002760 0.93053 16
1781523048959 0.91705 17
1781523094441 0.91474 18
1781523138853 0.93823 19
1781523183850 0.92063 20
1781523227755 0.92843 21
1781523268416 0.93324 22
1781523309386 0.93061 23
1781523350169 0.90912 24
1781523391212 0.93769 25
1781523433061 0.92813 26
1781523473762 0.94656 27
1781523515372 0.9375 28
1781523556945 0.91 29
1781523598147 0.92968 30
1781523638535 0.93407 31
1781523679570 0.94703 32
1781523720327 0.93934 33
1781523761252 0.95238 34
1781523802095 0.93586 35
1781523843275 0.94668 36
1781523884621 0.96626 37
1781523925592 0.95495 38
1781523967095 0.94637 39
1781524007571 0.94682 40
1781524048308 0.95293 41
1781524089594 0.94331 42
1781524131885 0.95836 43
1781524173398 0.94586 44
1781524218678 0.95562 45
1781524262452 0.94054 46
1781524305884 0.95035 47
1781524349276 0.95204 48
1781524393736 0.95173 49
1781524437499 0.95351 50
1781524481241 0.95411 51
1781524524238 0.94589 52
1781524565033 0.9394 53
1781524570068 0.9583395017983588 54
