1781522299534 0.49829 0
1781522335739 0.76685 1
1781522373756 0.84172 2
1781522412859 0.85898 3
1781522451942 0.87096 4
1781522495507 0.89895 5
1781522536443 0.90966 6
1781522577067 0.9093 7
1781522617813 0.89941 8
1781522659930 0.89737 9
1781522706290 0.91058 10
1781522750081 0.89117 11
1781522796872 0.91735 12
1781522853077 0.91534 13
1781522902898 0.91915 14
1781522952500 0.91488 15
1781523002760 0.91973 16
1781523048959 0.92102 17
1781523094441 0.92444 18
1781523138853 0.91615 19
1781523183850 0.92612 20
1781523227755 0.91748 21
1781523268416 0.91984 22
1781523309386 0.93343 23
1781523350169 0.93819 24
1781523391212 0.93065 25
1781523433061 0.94097 26
1781523473762 0.91831 27
1781523515372 0.92353 28
1781523556945 0.93193 29
1781523598147 0.92052 30
1781523638535 0.91398 31
1781523679570 0.9339 32
1781523720327 0.93695 33
1781523761252 0.93279 34
1781523802095 0.93246 35
1781523843275 0.93553 36
1781523884621 0.92018 37
1781523925592 0.92541 38
1781523967095 0.92888 39
1781524007571 0.92883 40
1781524048308 0.93023 41
1781524089594 0.93004 42
1781524131885 0.93562 43
1781524173398 0.9355 44
1781524218678 0.92436 45
1781524262452 0.92964 46
1781524305884 0.93634 47
1781524349276 0.92744 48
1781524393736 0.92927 49
1781524437499 0.92453 50
1781524481241 0.92819 51
1781524524238 0.92993 52
1781524565033 0.93779 53
1781524570068 0.9356395321353526 54
