1782027241699 1.50093 0
1782027307207 1.37406 1
1782027375840 1.31026 2
1782027446964 1.27774 3
1782027520839 1.22992 4
1782027596689 1.21188 5
1782027673369 1.19638 6
1782027750457 1.18145 7
1782027827859 1.16797 8
1782027907044 1.18903 9
1782027984006 1.14111 10
1782028062671 1.13273 11
1782028141015 1.14096 12
1782028216516 1.11849 13
1782028293262 1.09943 14
1782028370008 1.11353 15
1782028445383 1.09172 16
1782028521590 1.07233 17
1782028598683 1.09052 18
1782028675034 1.08269 19
1782028750376 1.06254 20
1782028826768 1.05715 21
1782028904188 1.0586 22
1782028979791 1.06371 23
1782029056544 1.07489 24
1782029131882 1.03771 25
1782029207336 1.02986 26
1782029282190 1.02215 27
1782029357421 1.01965 28
1782029433111 1.00442 29
1782029515193 1.01583 30
1782029599659 1.00607 31
1782029676935 1.00748 32
1782029752255 0.99549 33
1782029824261 0.99173 34
1782029896409 0.99107 35
1782029971217 0.97159 36
1782030042943 0.97532 37
1782030114689 0.96905 38
1782030188994 0.94888 39
1782030260719 0.95163 40
1782030331724 0.94923 41
1782030405948 0.94056 42
