1782027241699 3.25161 0
1782027307207 1.55084 1
1782027375840 1.18492 2
1782027446964 1.00425 3
1782027520839 0.87703 4
1782027596689 0.77667 5
1782027673369 0.7167 6
1782027750457 0.65845 7
1782027827859 0.60924 8
1782027907044 0.59405 9
1782027984006 0.55199 10
1782028062671 0.52916 11
1782028141015 0.52001 12
1782028216516 0.49611 13
1782028293262 0.46794 14
1782028370008 0.48285 15
1782028445383 0.45972 16
1782028521590 0.44119 17
1782028598683 0.45409 18
1782028675034 0.43756 19
1782028750376 0.4197 20
1782028826768 0.42139 21
1782028904188 0.42766 22
1782028979791 0.41965 23
1782029056544 0.42152 24
1782029131882 0.40358 25
1782029207336 0.40015 26
1782029282190 0.40974 27
1782029357421 0.40148 28
1782029433111 0.38437 29
1782029515193 0.40358 30
1782029599659 0.38267 31
1782029676935 0.39317 32
1782029752255 0.37817 33
1782029824261 0.37231 34
1782029896409 0.3658 35
1782029971217 0.35887 36
1782030042943 0.3654 37
1782030114689 0.36226 38
1782030188994 0.34081 39
1782030260719 0.34429 40
1782030331724 0.34466 41
1782030405948 0.33794 42
