1782027241699 0.86929 0
1782027307207 0.83894 1
1782027375840 0.83514 2
1782027446964 0.833 3
1782027520839 0.82901 4
1782027596689 0.82606 5
1782027673369 0.82647 6
1782027750457 0.82535 7
1782027827859 0.82529 8
1782027907044 0.82602 9
1782027984006 0.82292 10
1782028062671 0.82544 11
1782028141015 0.82455 12
1782028216516 0.82339 13
1782028293262 0.82135 14
1782028370008 0.82289 15
1782028445383 0.82221 16
1782028521590 0.82274 17
1782028598683 0.8217 18
1782028675034 0.81988 19
1782028750376 0.82029 20
1782028826768 0.81763 21
1782028904188 0.82088 22
1782028979791 0.82039 23
1782029056544 0.82157 24
1782029131882 0.82094 25
1782029207336 0.82028 26
1782029282190 0.82072 27
1782029357421 0.82244 28
1782029433111 0.82077 29
1782029515193 0.82188 30
1782029599659 0.82028 31
1782029676935 0.82362 32
1782029752255 0.82132 33
1782029824261 0.82356 34
1782029896409 0.82311 35
1782029971217 0.81959 36
1782030042943 0.82248 37
1782030114689 0.82073 38
1782030188994 0.81672 39
1782030260719 0.81812 40
1782030331724 0.81826 41
1782030405948 0.81651 42
