1 0.8005208333333333 0.5523148148148148 0.020833333333333332 0.023148148148148147
2 0.6679895833333334 0.7155555555555555 0.017223958333333334 0.026296296296296293
4 0.36640625 0.32546296296296295 0.021354166666666667 0.026851851851851852
5 0.265625 0.6865740740740741 0.020833333333333332 0.025
7 0.6213541666666667 0.6148148148148148 0.019791666666666666 0.024074074074074074
9 0.2520833333333333 0.6199074074074075 0.022916666666666665 0.028703703703703703
8 0.68828125 0.2884259259259259 0.0203125 0.025
6 0.1578125 0.3962962962962963 0.021875 0.025925925925925925
3 0.32109375 0.6365740740740741 0.021354166666666667 0.026851851851851852
7 0.19661458333333334 0.6425925925925926 0.016145833333333335 0.016666666666666666
0 0.5044114583333333 0.8483240740740742 0.01590625 0.02912962962962963