10 0.3346145833333333 0.48201851851851857 0.06740104166666666 0.07972222222222222
1 0.3345364583333333 0.45425 0.014526041666666666 0.027537037037037037
0 0.36058333333333337 0.48076851851851854 0.015291666666666667 0.026351851851851852
9 0.7811979166666667 0.5787777777777778 0.016411458333333333 0.02776851851851852
9 0.7814218749999999 0.3067962962962963 0.015953125 0.028277777777777777
4 0.30802604166666664 0.4814907407407407 0.014802083333333334 0.03088888888888889
6 0.320953125 0.4670092592592593 0.014369791666666666 0.027490740740740743
2 0.32102083333333337 0.49619444444444444 0.013859375 0.02548148148148148
3 0.3345625 0.5091018518518519 0.014744791666666666 0.027037037037037037
7 0.3479427083333333 0.4980648148148148 0.013432291666666667 0.023157407407407408
8 0.33436458333333335 0.48159259259259257 0.014109375 0.025287037037037035
5 0.3475729166666667 0.46723148148148147 0.014588541666666668 0.025703703703703704