10 0.32583333333333336 0.5035925925925926 0.07583333333333334 0.08981481481481482
9 0.6815104166666667 0.5365740740740741 0.021354166666666667 0.026851851851851852
0 0.3536458333333333 0.5049907407407407 0.019791666666666666 0.028916666666666667
7 0.3 0.5041666666666667 0.020833333333333332 0.026851851851851852
6 0.33932291666666664 0.4898148148148148 0.018229166666666668 0.016666666666666666
8 0.32663020833333334 0.5043518518518519 0.016828125000000003 0.031231481481481478
3 0.326875 0.5336018518518518 0.01633333333333333 0.029916666666666668
1 0.3261354166666666 0.4728981481481482 0.01633333333333333 0.029037037037037035
2 0.34036458333333336 0.4882962962962963 0.01756770833333333 0.03167592592592593
5 0.34036458333333336 0.5190833333333333 0.01608333333333333 0.029037037037037035
4 0.31178125 0.4885092592592593 0.014354166666666666 0.03211111111111111
6 0.31264583333333335 0.5195277777777778 0.01509375 0.02815740740740741