1780968821692 0.47108 0
1780968870614 0.81233 1
1780968918951 0.8678 2
1780968967643 0.88684 3
1780969016860 0.90624 4
1780969066597 0.90286 5
1780969117706 0.90635 6
1780969170262 0.91157 7
1780969220401 0.91816 8
1780969270752 0.91079 9
1780969321505 0.91921 10
1780969371949 0.91538 11
1780969422719 0.9226 12
1780969472974 0.92241 13
1780969522369 0.92148 14
1780969572732 0.92494 15
1780969623045 0.928 16
1780969674254 0.92167 17
1780969726495 0.92382 18
1780969777772 0.923 19
1780969828160 0.9189 20
1780969879655 0.91779 21
1780969930850 0.93074 22
1780969982029 0.93041 23
1780970033636 0.92188 24
1780970087508 0.91904 25
1780970142188 0.93663 26
1780970194975 0.92784 27
1780970246088 0.9372 28
1780970297090 0.92928 29
1780970348571 0.92647 30
1780970400241 0.92785 31
1780970451654 0.92853 32
1780970502921 0.93349 33
1780970554048 0.94076 34
1780970605525 0.93313 35
1780970657462 0.9338 36
1780970708666 0.92755 37
1780970760189 0.9321 38
1780970811248 0.93028 39
1780970862267 0.925 40
1780970914424 0.93128 41
1780970965602 0.92808 42
1780971017078 0.92753 43
1780971071286 0.92407 44
1780971122899 0.9287 45
1780971174662 0.92807 46
1780971226337 0.92247 47
1780971280581 0.92477 48
1780971286874 0.9321444709880898 48
