1780968821692 0.30187 0
1780968870614 0.56315 1
1780968918951 0.59924 2
1780968967643 0.61572 3
1780969016860 0.63659 4
1780969066597 0.61016 5
1780969117706 0.61383 6
1780969170262 0.64505 7
1780969220401 0.65313 8
1780969270752 0.6226 9
1780969321505 0.65535 10
1780969371949 0.65815 11
1780969422719 0.65671 12
1780969472974 0.67105 13
1780969522369 0.6557 14
1780969572732 0.67528 15
1780969623045 0.66665 16
1780969674254 0.66253 17
1780969726495 0.67081 18
1780969777772 0.66658 19
1780969828160 0.67704 20
1780969879655 0.6805 21
1780969930850 0.67488 22
1780969982029 0.67869 23
1780970033636 0.6655 24
1780970087508 0.6715 25
1780970142188 0.68227 26
1780970194975 0.66869 27
1780970246088 0.67867 28
1780970297090 0.67414 29
1780970348571 0.66597 30
1780970400241 0.68423 31
1780970451654 0.68801 32
1780970502921 0.67404 33
1780970554048 0.68723 34
1780970605525 0.68316 35
1780970657462 0.68225 36
1780970708666 0.68066 37
1780970760189 0.69792 38
1780970811248 0.68773 39
1780970862267 0.68724 40
1780970914424 0.69419 41
1780970965602 0.69294 42
1780971017078 0.69059 43
1780971071286 0.68864 44
1780971122899 0.69483 45
1780971174662 0.68928 46
1780971226337 0.69065 47
1780971280581 0.69179 48
1780971286874 0.6978818943839732 48
