1780968821692 0.49798 0
1780968870614 0.87035 1
1780968918951 0.91434 2
1780968967643 0.91154 3
1780969016860 0.91188 4
1780969066597 0.89392 5
1780969117706 0.90652 6
1780969170262 0.90353 7
1780969220401 0.94892 8
1780969270752 0.94337 9
1780969321505 0.93359 10
1780969371949 0.90532 11
1780969422719 0.95197 12
1780969472974 0.95515 13
1780969522369 0.96516 14
1780969572732 0.9647 15
1780969623045 0.92494 16
1780969674254 0.92621 17
1780969726495 0.91854 18
1780969777772 0.9139 19
1780969828160 0.91445 20
1780969879655 0.91406 21
1780969930850 0.92889 22
1780969982029 0.92592 23
1780970033636 0.90983 24
1780970087508 0.9229 25
1780970142188 0.93715 26
1780970194975 0.92786 27
1780970246088 0.94899 28
1780970297090 0.95314 29
1780970348571 0.91968 30
1780970400241 0.91747 31
1780970451654 0.92638 32
1780970502921 0.94022 33
1780970554048 0.93729 34
1780970605525 0.92891 35
1780970657462 0.93939 36
1780970708666 0.92946 37
1780970760189 0.9199 38
1780970811248 0.92754 39
1780970862267 0.92661 40
1780970914424 0.93827 41
1780970965602 0.92846 42
1780971017078 0.94686 43
1780971071286 0.92177 44
1780971122899 0.92332 45
1780971174662 0.93754 46
1780971226337 0.93064 47
1780971280581 0.93104 48
1780971286874 0.9200114826628657 48
