1780968821692 0.55423 0
1780968870614 0.74896 1
1780968918951 0.8116 2
1780968967643 0.8339 3
1780969016860 0.86145 4
1780969066597 0.857 5
1780969117706 0.86486 6
1780969170262 0.88899 7
1780969220401 0.86722 8
1780969270752 0.88607 9
1780969321505 0.89343 10
1780969371949 0.8939 11
1780969422719 0.88385 12
1780969472974 0.88572 13
1780969522369 0.88603 14
1780969572732 0.89247 15
1780969623045 0.89302 16
1780969674254 0.9008 17
1780969726495 0.90774 18
1780969777772 0.90173 19
1780969828160 0.91147 20
1780969879655 0.90537 21
1780969930850 0.91442 22
1780969982029 0.90735 23
1780970033636 0.90628 24
1780970087508 0.909 25
1780970142188 0.90351 26
1780970194975 0.91847 27
1780970246088 0.9056 28
1780970297090 0.90025 29
1780970348571 0.9168 30
1780970400241 0.91035 31
1780970451654 0.90506 32
1780970502921 0.91554 33
1780970554048 0.92892 34
1780970605525 0.91949 35
1780970657462 0.918 36
1780970708666 0.9164 37
1780970760189 0.91754 38
1780970811248 0.92231 39
1780970862267 0.91831 40
1780970914424 0.90903 41
1780970965602 0.91656 42
1780971017078 0.90901 43
1780971071286 0.9218 44
1780971122899 0.92338 45
1780971174662 0.92107 46
1780971226337 0.91632 47
1780971280581 0.91974 48
1780971286874 0.9176083242921573 48
