1781522297330 1.55753 0
1781522333444 1.29305 1
1781522371241 1.20151 2
1781522410331 1.15456 3
1781522449478 1.15482 4
1781522492504 1.1047 5
1781522533961 1.09782 6
1781522574500 1.0921 7
1781522615187 1.07391 8
1781522657021 1.06741 9
1781522703603 1.04173 10
1781522747402 1.05278 11
1781522794010 1.01918 12
1781522849702 1.03423 13
1781522899864 1.01944 14
1781522948440 1.01407 15
1781522999983 1.01328 16
1781523045792 1.01632 17
1781523091619 0.99264 18
1781523136177 0.99351 19
1781523181103 0.99111 20
1781523225489 0.98806 21
1781523266110 0.97595 22
1781523306807 0.9748 23
1781523347947 0.96128 24
1781523388601 0.96576 25
1781523430544 0.96625 26
1781523471260 0.95071 27
1781523513067 0.94136 28
1781523554363 0.95267 29
1781523595669 0.93761 30
1781523635982 0.93745 31
1781523676972 0.93424 32
1781523717944 0.92005 33
1781523758795 0.92142 34
1781523799592 0.92186 35
1781523840820 0.9199 36
1781523882064 0.91285 37
1781523923062 0.90319 38
1781523964779 0.90576 39
1781524005149 0.90168 40
1781524045912 0.9005 41
1781524087301 0.89323 42
1781524129399 0.88771 43
1781524170987 0.89042 44
1781524216319 0.88435 45
1781524259943 0.88412 46
1781524303303 0.87626 47
1781524346913 0.8715 48
1781524391398 0.86028 49
1781524435000 0.86628 50
1781524478665 0.86327 51
1781524521774 0.86493 52
1781524562560 0.85281 53
