1781522297330 2.74676 0
1781522333444 1.1616 1
1781522371241 0.8883 2
1781522410331 0.78594 3
1781522449478 0.73368 4
1781522492504 0.67762 5
1781522533961 0.66028 6
1781522574500 0.63748 7
1781522615187 0.61517 8
1781522657021 0.58984 9
1781522703603 0.57825 10
1781522747402 0.56891 11
1781522794010 0.54877 12
1781522849702 0.54351 13
1781522899864 0.5299 14
1781522948440 0.52697 15
1781522999983 0.52177 16
1781523045792 0.51907 17
1781523091619 0.50521 18
1781523136177 0.50444 19
1781523181103 0.49521 20
1781523225489 0.49369 21
1781523266110 0.48628 22
1781523306807 0.47971 23
1781523347947 0.47304 24
1781523388601 0.47319 25
1781523430544 0.47494 26
1781523471260 0.46774 27
1781523513067 0.45815 28
1781523554363 0.46479 29
1781523595669 0.45581 30
1781523635982 0.44954 31
1781523676972 0.44597 32
1781523717944 0.44179 33
1781523758795 0.44181 34
1781523799592 0.44405 35
1781523840820 0.43695 36
1781523882064 0.4353 37
1781523923062 0.43058 38
1781523964779 0.43114 39
1781524005149 0.42684 40
1781524045912 0.42595 41
1781524087301 0.42193 42
1781524129399 0.42252 43
1781524170987 0.42301 44
1781524216319 0.41946 45
1781524259943 0.4178 46
1781524303303 0.4125 47
1781524346913 0.40825 48
1781524391398 0.40778 49
1781524435000 0.40631 50
1781524478665 0.40803 51
1781524521774 0.40337 52
1781524562560 0.40082 53
