1781522297330 0.92906 0
1781522333444 0.90168 1
1781522371241 0.89183 2
1781522410331 0.88786 3
1781522449478 0.88921 4
1781522492504 0.88235 5
1781522533961 0.87746 6
1781522574500 0.87737 7
1781522615187 0.87482 8
1781522657021 0.87465 9
1781522703603 0.86951 10
1781522747402 0.87267 11
1781522794010 0.86648 12
1781522849702 0.8699 13
1781522899864 0.86729 14
1781522948440 0.86764 15
1781522999983 0.86883 16
1781523045792 0.86817 17
1781523091619 0.86439 18
1781523136177 0.86418 19
1781523181103 0.8629 20
1781523225489 0.86304 21
1781523266110 0.86206 22
1781523306807 0.86138 23
1781523347947 0.85991 24
1781523388601 0.85943 25
1781523430544 0.86047 26
1781523471260 0.85573 27
1781523513067 0.85468 28
1781523554363 0.85579 29
1781523595669 0.85297 30
1781523635982 0.85504 31
1781523676972 0.85168 32
1781523717944 0.84995 33
1781523758795 0.85091 34
1781523799592 0.85078 35
1781523840820 0.84993 36
1781523882064 0.84894 37
1781523923062 0.84525 38
1781523964779 0.8458 39
1781524005149 0.84811 40
1781524045912 0.84709 41
1781524087301 0.84499 42
1781524129399 0.84304 43
1781524170987 0.843 44
1781524216319 0.84254 45
1781524259943 0.84271 46
1781524303303 0.83952 47
1781524346913 0.84019 48
1781524391398 0.84115 49
1781524435000 0.84063 50
1781524478665 0.83911 51
1781524521774 0.84005 52
1781524562560 0.83797 53
