1781181108252 1.53577 0
1781181169822 1.27266 1
1781181210310 1.20444 2
1781181252022 1.14831 3
1781181295508 1.128 4
1781181348514 1.1003 5
1781181407790 1.10874 6
1781181450138 1.091 7
1781181494211 1.07776 8
1781181540284 1.07072 9
1781181586059 1.05717 10
1781181631976 1.04346 11
1781181677964 1.03752 12
1781181723819 1.039 13
1781181769985 1.02478 14
1781181816722 1.02959 15
1781181863020 1.00382 16
1781181909229 1.00817 17
1781181955947 1.02914 18
1781182002645 0.99824 19
1781182049038 0.99351 20
1781182095669 0.98881 21
1781182143149 0.98625 22
1781182189811 0.98693 23
1781182236992 0.9849 24
1781182284347 0.97238 25
1781182331215 0.98019 26
1781182377625 0.96298 27
1781182450916 0.97482 28
