1781181108252 2.28344 0
1781181169822 1.04206 1
1781181210310 0.84744 2
1781181252022 0.761 3
1781181295508 0.70175 4
1781181348514 0.66962 5
1781181407790 0.64754 6
1781181450138 0.62247 7
1781181494211 0.59988 8
1781181540284 0.58859 9
1781181586059 0.57293 10
1781181631976 0.55485 11
1781181677964 0.55209 12
1781181723819 0.53661 13
1781181769985 0.52416 14
1781181816722 0.5252 15
1781181863020 0.5059 16
1781181909229 0.50963 17
1781181955947 0.51814 18
1781182002645 0.50125 19
1781182049038 0.4949 20
1781182095669 0.48769 21
1781182143149 0.48924 22
1781182189811 0.47739 23
1781182236992 0.47966 24
1781182284347 0.47795 25
1781182331215 0.47096 26
1781182377625 0.46783 27
1781182450916 0.46973 28
