1781181108252 0.97029 0
1781181169822 0.91328 1
1781181210310 0.89924 2
1781181252022 0.89134 3
1781181295508 0.88967 4
1781181348514 0.88699 5
1781181407790 0.88406 6
1781181450138 0.88276 7
1781181494211 0.88126 8
1781181540284 0.88095 9
1781181586059 0.87619 10
1781181631976 0.87644 11
1781181677964 0.87318 12
1781181723819 0.87417 13
1781181769985 0.8733 14
1781181816722 0.87183 15
1781181863020 0.86799 16
1781181909229 0.8698 17
1781181955947 0.87022 18
1781182002645 0.86607 19
1781182049038 0.86567 20
1781182095669 0.86253 21
1781182143149 0.86707 22
1781182189811 0.86533 23
1781182236992 0.86721 24
1781182284347 0.86331 25
1781182331215 0.8648 26
1781182377625 0.85959 27
1781182450916 0.86038 28
