1781160960813 1.51993 0
1781161015762 1.2839 1
1781161076464 1.20725 2
1781161134706 1.14113 3
1781161216830 1.13198 4
1781161273921 1.09787 5
1781161329264 1.10753 6
1781161387121 1.09038 7
1781161446605 1.08168 8
1781161505978 1.06389 9
1781161565060 1.05216 10
1781161624036 1.05273 11
1781161683542 1.03434 12
1781161744170 1.03628 13
1781161804237 1.03037 14
1781161862780 1.02415 15
1781161921155 1.00642 16
1781161982954 1.0132 17
1781162042791 1.02412 18
1781162103383 0.99489 19
1781162164631 0.9991 20
1781162224360 0.99244 21
1781162283753 0.98216 22
1781162343915 0.9868 23
1781162403848 0.99407 24
1781162463684 0.97023 25
1781162524137 0.97709 26
1781162585143 0.96172 27
1781162645188 0.96538 28
1781162705989 0.9615 29
1781162765721 0.96055 30
1781162825092 0.95569 31
1781162883556 0.9555 32
1781162944203 0.94692 33
1781163003524 0.94198 34
1781163063045 0.93897 35
1781163121933 0.93152 36
1781163181643 0.9262 37
1781163240874 0.9263 38
1781163301940 0.92412 39
1781163361800 0.92692 40
1781163421996 0.91306 41
1781163481584 0.91414 42
1781163542888 0.90943 43
1781163604170 0.90063 44
1781163664990 0.90732 45
1781163726073 0.8928 46
1781163789668 0.88919 47
1781163848724 0.89147 48
1781163907968 0.89203 49
1781163968234 0.88137 50
1781164028902 0.87635 51
