1781160960813 2.55944 0
1781161015762 1.12553 1
1781161076464 0.88248 2
1781161134706 0.77689 3
1781161216830 0.72099 4
1781161273921 0.67926 5
1781161329264 0.65703 6
1781161387121 0.63485 7
1781161446605 0.60837 8
1781161505978 0.59183 9
1781161565060 0.58033 10
1781161624036 0.56447 11
1781161683542 0.55665 12
1781161744170 0.54339 13
1781161804237 0.53207 14
1781161862780 0.52573 15
1781161921155 0.51274 16
1781161982954 0.51957 17
1781162042791 0.51648 18
1781162103383 0.50064 19
1781162164631 0.49663 20
1781162224360 0.48681 21
1781162283753 0.48658 22
1781162343915 0.47983 23
1781162403848 0.47425 24
1781162463684 0.4721 25
1781162524137 0.4677 26
1781162585143 0.4673 27
1781162645188 0.4669 28
1781162705989 0.45993 29
1781162765721 0.46673 30
1781162825092 0.45761 31
1781162883556 0.45037 32
1781162944203 0.45965 33
1781163003524 0.44819 34
1781163063045 0.44511 35
1781163121933 0.44193 36
1781163181643 0.43868 37
1781163240874 0.43816 38
1781163301940 0.43129 39
1781163361800 0.4353 40
1781163421996 0.43056 41
1781163481584 0.43264 42
1781163542888 0.42865 43
1781163604170 0.42539 44
1781163664990 0.42416 45
1781163726073 0.42205 46
1781163789668 0.41406 47
1781163848724 0.41633 48
1781163907968 0.41238 49
1781163968234 0.41049 50
1781164028902 0.40797 51
