1781160960813 0.92853 0
1781161015762 0.90688 1
1781161076464 0.89529 2
1781161134706 0.88787 3
1781161216830 0.88754 4
1781161273921 0.88405 5
1781161329264 0.88158 6
1781161387121 0.88014 7
1781161446605 0.87893 8
1781161505978 0.87769 9
1781161565060 0.8734 10
1781161624036 0.87582 11
1781161683542 0.87139 12
1781161744170 0.87199 13
1781161804237 0.87233 14
1781161862780 0.86968 15
1781161921155 0.86738 16
1781161982954 0.86891 17
1781162042791 0.86829 18
1781162103383 0.86429 19
1781162164631 0.86483 20
1781162224360 0.86195 21
1781162283753 0.86506 22
1781162343915 0.86418 23
1781162403848 0.86684 24
1781162463684 0.86194 25
1781162524137 0.86356 26
1781162585143 0.85802 27
1781162645188 0.85832 28
1781162705989 0.8597 29
1781162765721 0.85831 30
1781162825092 0.8605 31
1781162883556 0.85852 32
1781162944203 0.85775 33
1781163003524 0.85379 34
1781163063045 0.85639 35
1781163121933 0.85481 36
1781163181643 0.85246 37
1781163240874 0.85389 38
1781163301940 0.85405 39
1781163361800 0.85124 40
1781163421996 0.84934 41
1781163481584 0.85093 42
1781163542888 0.85017 43
1781163604170 0.84774 44
1781163664990 0.85034 45
1781163726073 0.8472 46
1781163789668 0.84348 47
1781163848724 0.84519 48
1781163907968 0.8449 49
1781163968234 0.84512 50
1781164028902 0.84483 51
