1782030759728 1.50093 0
1782030829646 1.37406 1
1782030914040 1.31026 2
1782031002665 1.27774 3
1782031095119 1.22992 4
1782031185743 1.21188 5
1782031277130 1.19638 6
1782031368663 1.18145 7
1782031460041 1.16797 8
1782031552228 1.18903 9
1782031643147 1.14111 10
1782031734797 1.13273 11
1782031824841 1.14096 12
1782031914382 1.11849 13
1782032005189 1.09943 14
1782032098772 1.11353 15
1782032191357 1.09172 16
1782032282933 1.07233 17
1782032374762 1.09052 18
1782032464865 1.08269 19
1782032558171 1.06254 20
1782032650714 1.05715 21
1782032740737 1.0586 22
1782032831314 1.06371 23
1782032928704 1.07489 24
1782033023796 1.03771 25
1782033119599 1.02986 26
1782033213386 1.02215 27
1782033309446 1.01965 28
1782033400750 1.00442 29
1782033492618 1.01583 30
1782033583411 1.00607 31
1782033676388 1.00748 32
1782033768314 0.99549 33
1782033859449 0.99173 34
1782033952238 0.99107 35
1782034043731 0.97159 36
1782034136216 0.97532 37
1782034227924 0.96905 38
1782034319667 0.94888 39
1782034411281 0.95163 40
1782034502070 0.94923 41
1782034592922 0.94056 42
1782034740382 0.93646 43
1782034829619 0.94399 44
1782034922187 0.94263 45
1782034987924 0.93139 46
1782035090462 0.92487 47
1782035168427 0.92127 48
1782035239192 0.91223 49
1782035324677 0.91196 50
1782035392446 0.9004 51
1782035469216 0.90393 52
1782035541048 0.89498 53
1782035590443 0.88675 54
1782035640544 0.90241 55
1782035705499 0.87944 56
1782035775141 0.8667 57
1782035833387 0.86841 58
1782035883907 0.86511 59
1782035934836 0.86165 60
1782035986411 0.85462 61
1782036042133 0.86607 62
1782036100745 0.84984 63
1782036148550 0.84948 64
1782036197899 0.8432 65
1782036274534 0.84675 66
1782036361880 0.83502 67
1782036416533 0.8343 68
1782036473343 0.83509 69
1782036522137 0.82716 70
1782036571482 0.81706 71
1782036622972 0.831 72
1782036673807 0.82101 73
1782036723960 0.8159 74
1782036773670 0.81523 75
1782036837906 0.81378 76
1782036895320 0.80177 77
1782036943366 0.81405 78
1782036991833 0.80563 79
1782037040507 0.80441 80
1782037089264 0.80792 81
1782037138322 0.79749 82
1782037187685 0.79792 83
1782037239567 0.80211 84
1782037288128 0.79384 85
1782037337526 0.7879 86
1782037386495 0.78657 87
1782037435398 0.79415 88
