1782030759728 3.25161 0
1782030829646 1.55084 1
1782030914040 1.18492 2
1782031002665 1.00425 3
1782031095119 0.87703 4
1782031185743 0.77667 5
1782031277130 0.7167 6
1782031368663 0.65845 7
1782031460041 0.60924 8
1782031552228 0.59405 9
1782031643147 0.55199 10
1782031734797 0.52916 11
1782031824841 0.52001 12
1782031914382 0.49611 13
1782032005189 0.46794 14
1782032098772 0.48285 15
1782032191357 0.45972 16
1782032282933 0.44119 17
1782032374762 0.45409 18
1782032464865 0.43756 19
1782032558171 0.4197 20
1782032650714 0.42139 21
1782032740737 0.42766 22
1782032831314 0.41965 23
1782032928704 0.42152 24
1782033023796 0.40358 25
1782033119599 0.40015 26
1782033213386 0.40974 27
1782033309446 0.40148 28
1782033400750 0.38437 29
1782033492618 0.40358 30
1782033583411 0.38267 31
1782033676388 0.39317 32
1782033768314 0.37817 33
1782033859449 0.37231 34
1782033952238 0.3658 35
1782034043731 0.35887 36
1782034136216 0.3654 37
1782034227924 0.36226 38
1782034319667 0.34081 39
1782034411281 0.34429 40
1782034502070 0.34466 41
1782034592922 0.33794 42
1782034740382 0.33834 43
1782034829619 0.35343 44
1782034922187 0.34025 45
1782034987924 0.33536 46
1782035090462 0.33825 47
1782035168427 0.33274 48
1782035239192 0.32896 49
1782035324677 0.3297 50
1782035392446 0.31661 51
1782035469216 0.32129 52
1782035541048 0.31963 53
1782035590443 0.31281 54
1782035640544 0.32464 55
1782035705499 0.30972 56
1782035775141 0.30364 57
1782035833387 0.30583 58
1782035883907 0.30216 59
1782035934836 0.29812 60
1782035986411 0.29834 61
1782036042133 0.30668 62
1782036100745 0.29456 63
1782036148550 0.3074 64
1782036197899 0.29668 65
1782036274534 0.29899 66
1782036361880 0.2967 67
1782036416533 0.29735 68
1782036473343 0.29519 69
1782036522137 0.29644 70
1782036571482 0.28478 71
1782036622972 0.29244 72
1782036673807 0.29072 73
1782036723960 0.28228 74
1782036773670 0.28587 75
1782036837906 0.28376 76
1782036895320 0.27897 77
1782036943366 0.29398 78
1782036991833 0.28485 79
1782037040507 0.28044 80
1782037089264 0.28635 81
1782037138322 0.28096 82
1782037187685 0.28071 83
1782037239567 0.2858 84
1782037288128 0.28041 85
1782037337526 0.27305 86
1782037386495 0.27324 87
1782037435398 0.2782 88
