1782030759728 0.86929 0
1782030829646 0.83894 1
1782030914040 0.83514 2
1782031002665 0.833 3
1782031095119 0.82901 4
1782031185743 0.82606 5
1782031277130 0.82647 6
1782031368663 0.82535 7
1782031460041 0.82529 8
1782031552228 0.82602 9
1782031643147 0.82292 10
1782031734797 0.82544 11
1782031824841 0.82455 12
1782031914382 0.82339 13
1782032005189 0.82135 14
1782032098772 0.82289 15
1782032191357 0.82221 16
1782032282933 0.82274 17
1782032374762 0.8217 18
1782032464865 0.81988 19
1782032558171 0.82029 20
1782032650714 0.81763 21
1782032740737 0.82088 22
1782032831314 0.82039 23
1782032928704 0.82157 24
1782033023796 0.82094 25
1782033119599 0.82028 26
1782033213386 0.82072 27
1782033309446 0.82244 28
1782033400750 0.82077 29
1782033492618 0.82188 30
1782033583411 0.82028 31
1782033676388 0.82362 32
1782033768314 0.82132 33
1782033859449 0.82356 34
1782033952238 0.82311 35
1782034043731 0.81959 36
1782034136216 0.82248 37
1782034227924 0.82073 38
1782034319667 0.81672 39
1782034411281 0.81812 40
1782034502070 0.81826 41
1782034592922 0.81651 42
1782034740382 0.81642 43
1782034829619 0.81596 44
1782034922187 0.81663 45
1782034987924 0.81326 46
1782035090462 0.81266 47
1782035168427 0.8151 48
1782035239192 0.81259 49
1782035324677 0.81254 50
1782035392446 0.80932 51
1782035469216 0.811 52
1782035541048 0.81065 53
1782035590443 0.81007 54
1782035640544 0.81055 55
1782035705499 0.80749 56
1782035775141 0.80599 57
1782035833387 0.80652 58
1782035883907 0.80531 59
1782035934836 0.80643 60
1782035986411 0.8057 61
1782036042133 0.80571 62
1782036100745 0.80542 63
1782036148550 0.8059 64
1782036197899 0.80498 65
1782036274534 0.80425 66
1782036361880 0.80355 67
1782036416533 0.8025 68
1782036473343 0.80286 69
1782036522137 0.80246 70
1782036571482 0.8007 71
1782036622972 0.80261 72
1782036673807 0.80044 73
1782036723960 0.80032 74
1782036773670 0.80158 75
1782036837906 0.80014 76
1782036895320 0.79983 77
1782036943366 0.79977 78
1782036991833 0.80022 79
1782037040507 0.79907 80
1782037089264 0.79911 81
1782037138322 0.79731 82
1782037187685 0.7987 83
1782037239567 0.79802 84
1782037288128 0.79747 85
1782037337526 0.7961 86
1782037386495 0.79778 87
1782037435398 0.79718 88
