1781181110485 0.53323 0
1781181174106 0.84917 1
1781181212425 0.88517 2
1781181254437 0.89497 3
1781181297742 0.9096 4
1781181352741 0.91572 5
1781181409960 0.91121 6
1781181452407 0.91044 7
1781181496636 0.91983 8
1781181542708 0.92357 9
1781181588381 0.92182 10
1781181634435 0.91874 11
1781181680524 0.92629 12
1781181726336 0.92744 13
1781181772300 0.92629 14
1781181819147 0.9287 15
1781181865403 0.93028 16
1781181911681 0.92657 17
1781181958260 0.92601 18
1781182004988 0.92718 19
1781182051751 0.92949 20
1781182098064 0.92948 21
1781182145647 0.92727 22
1781182192249 0.92931 23
1781182239487 0.93131 24
1781182286860 0.92855 25
1781182333655 0.92673 26
1781182380149 0.92336 27
