1781181110485 0.33642 0
1781181174106 0.57296 1
1781181212425 0.6113 2
1781181254437 0.5983 3
1781181297742 0.63288 4
1781181352741 0.62889 5
1781181409960 0.63451 6
1781181452407 0.62695 7
1781181496636 0.65935 8
1781181542708 0.6414 9
1781181588381 0.65089 10
1781181634435 0.65503 11
1781181680524 0.65995 12
1781181726336 0.66615 13
1781181772300 0.65718 14
1781181819147 0.6709 15
1781181865403 0.66935 16
1781181911681 0.66446 17
1781181958260 0.66559 18
1781182004988 0.65239 19
1781182051751 0.67079 20
1781182098064 0.65727 21
1781182145647 0.67924 22
1781182192249 0.67397 23
1781182239487 0.66337 24
1781182286860 0.68019 25
1781182333655 0.66885 26
1781182380149 0.67457 27
