1781181110485 0.55043 0
1781181174106 0.90867 1
1781181212425 0.94584 2
1781181254437 0.94655 3
1781181297742 0.87932 4
1781181352741 0.91621 5
1781181409960 0.91654 6
1781181452407 0.89384 7
1781181496636 0.90542 8
1781181542708 0.93442 9
1781181588381 0.94207 10
1781181634435 0.91329 11
1781181680524 0.92827 12
1781181726336 0.94712 13
1781181772300 0.92373 14
1781181819147 0.92977 15
1781181865403 0.94005 16
1781181911681 0.91871 17
1781181958260 0.92175 18
1781182004988 0.92369 19
1781182051751 0.92969 20
1781182098064 0.9384 21
1781182145647 0.93138 22
1781182192249 0.94776 23
1781182239487 0.94313 24
1781182286860 0.91927 25
1781182333655 0.92912 26
1781182380149 0.92627 27
