1781181110485 0.60413 0
1781181174106 0.77873 1
1781181212425 0.81697 2
1781181254437 0.82813 3
1781181297742 0.86886 4
1781181352741 0.87875 5
1781181409960 0.86527 6
1781181452407 0.86377 7
1781181496636 0.89223 8
1781181542708 0.89466 9
1781181588381 0.89027 10
1781181634435 0.90332 11
1781181680524 0.90486 12
1781181726336 0.89413 13
1781181772300 0.89887 14
1781181819147 0.91252 15
1781181865403 0.91079 16
1781181911681 0.9027 17
1781181958260 0.90708 18
1781182004988 0.89069 19
1781182051751 0.91417 20
1781182098064 0.90661 21
1781182145647 0.91174 22
1781182192249 0.91115 23
1781182239487 0.91406 24
1781182286860 0.92457 25
1781182333655 0.92239 26
1781182380149 0.91918 27
