1781529443416 0.61041 0
1781529482379 0.8604 1
1781529523572 0.89332 2
1781529566873 0.91373 3
1781529608692 0.91597 4
1781529651876 0.92005 5
1781529693308 0.93068 6
1781529735454 0.93447 7
1781529776871 0.93427 8
1781529818569 0.93576 9
1781529860754 0.93607 10
1781529902734 0.93849 11
1781529944323 0.93979 12
1781529986453 0.94307 13
1781530027952 0.93863 14
1781530069695 0.94031 15
1781530112494 0.94255 16
1781530154780 0.94288 17
1781530196995 0.94379 18
1781530239614 0.93652 19
1781530282806 0.94211 20
1781530325010 0.94914 21
1781530366959 0.94256 22
1781530409365 0.94569 23
1781530495200 0.94421 24
1781530579206 0.94682 25
1781530665947 0.95125 26
1781530752358 0.94842 27
1781530835889 0.94101 28
1781530917867 0.94534 29
1781531000211 0.94536 30
1781531082737 0.94227 31
1781531164312 0.94376 32
1781531244194 0.94672 33
1781531324110 0.94751 34
1781531403637 0.94633 35
1781531483402 0.94792 36
1781531558502 0.95263 37
1781531605008 0.94892 38
1781531655978 0.94142 39
1781531660941 0.9460533344236043 40
