1781529443416 0.38412 0
1781529482379 0.59966 1
1781529523572 0.59372 2
1781529566873 0.62851 3
1781529608692 0.6418 4
1781529651876 0.63603 5
1781529693308 0.65886 6
1781529735454 0.66159 7
1781529776871 0.67738 8
1781529818569 0.67059 9
1781529860754 0.66595 10
1781529902734 0.66812 11
1781529944323 0.65184 12
1781529986453 0.66913 13
1781530027952 0.67908 14
1781530069695 0.66604 15
1781530112494 0.6812 16
1781530154780 0.67797 17
1781530196995 0.67981 18
1781530239614 0.67174 19
1781530282806 0.68412 20
1781530325010 0.68628 21
1781530366959 0.6788 22
1781530409365 0.68812 23
1781530495200 0.68852 24
1781530579206 0.68747 25
1781530665947 0.68663 26
1781530752358 0.69011 27
1781530835889 0.66942 28
1781530917867 0.6955 29
1781531000211 0.68528 30
1781531082737 0.68788 31
1781531164312 0.68623 32
1781531244194 0.68486 33
1781531324110 0.69093 34
1781531403637 0.69456 35
1781531483402 0.69217 36
1781531558502 0.69492 37
1781531605008 0.69199 38
1781531655978 0.68993 39
1781531660941 0.6931099210661127 40
