1781529443416 0.60381 0
1781529482379 0.88882 1
1781529523572 0.94426 2
1781529566873 0.93887 3
1781529608692 0.91254 4
1781529651876 0.91624 5
1781529693308 0.94213 6
1781529735454 0.93302 7
1781529776871 0.9222 8
1781529818569 0.95011 9
1781529860754 0.92687 10
1781529902734 0.9401 11
1781529944323 0.91547 12
1781529986453 0.94865 13
1781530027952 0.9317 14
1781530069695 0.94914 15
1781530112494 0.95644 16
1781530154780 0.94159 17
1781530196995 0.94267 18
1781530239614 0.92441 19
1781530282806 0.95141 20
1781530325010 0.94283 21
1781530366959 0.94176 22
1781530409365 0.95672 23
1781530495200 0.9507 24
1781530579206 0.9494 25
1781530665947 0.94042 26
1781530752358 0.95214 27
1781530835889 0.93085 28
1781530917867 0.94971 29
1781531000211 0.93425 30
1781531082737 0.93587 31
1781531164312 0.93286 32
1781531244194 0.94009 33
1781531324110 0.93485 34
1781531403637 0.93171 35
1781531483402 0.93796 36
1781531558502 0.96057 37
1781531605008 0.94022 38
1781531655978 0.94321 39
1781531660941 0.9496472262806753 40
