1781529443416 0.68109 0
1781529482379 0.82237 1
1781529523572 0.83506 2
1781529566873 0.85979 3
1781529608692 0.87515 4
1781529651876 0.89698 5
1781529693308 0.8951 6
1781529735454 0.91321 7
1781529776871 0.91503 8
1781529818569 0.90959 9
1781529860754 0.90234 10
1781529902734 0.91235 11
1781529944323 0.92412 12
1781529986453 0.91941 13
1781530027952 0.92341 14
1781530069695 0.91579 15
1781530112494 0.91409 16
1781530154780 0.91426 17
1781530196995 0.92112 18
1781530239614 0.92222 19
1781530282806 0.9223 20
1781530325010 0.9268 21
1781530366959 0.92832 22
1781530409365 0.91487 23
1781530495200 0.92507 24
1781530579206 0.92747 25
1781530665947 0.93542 26
1781530752358 0.92095 27
1781530835889 0.92771 28
1781530917867 0.92897 29
1781531000211 0.92091 30
1781531082737 0.92837 31
1781531164312 0.93582 32
1781531244194 0.93873 33
1781531324110 0.93493 34
1781531403637 0.93938 35
1781531483402 0.93521 36
1781531558502 0.92824 37
1781531605008 0.93446 38
1781531655978 0.92821 39
1781531660941 0.9289900256880593 40
