1780977139891 0.00019547311827956988 0
1780977204703 0.00039137749994517656 1
1780977257961 0.0005868992924978593 2
1780977313866 0.0005867082654173725 3
1780977369622 0.0005857049049645919 4
1780977426086 0.0005844165684136208 5
1780977483075 0.0005828445271970921 6
1780977541734 0.0005809903327298918 7
1780977599647 0.0005788558148780993 8
1780977657798 0.000576443080153131 9
1780977715567 0.0005737545096328674 10
1780977773661 0.0005707927566118168 11
1780977830980 0.0005675607439826344 12
1780977888122 0.0005640616613515795 13
1780977946391 0.0005602989618907596 14
1780978004440 0.0005562763589302663 15
1780978061016 0.0005519978222935669 16
1780978118257 0.0005474675743797679 17
1780978175229 0.0005426900859966165 18
1780978232216 0.0005376700719483539 19
1780978291563 0.0005324124863827722 20
1780978348482 0.0005269225179020684 21
1780978406359 0.0005212055844423212 22
1780978463919 0.0005152673279266416 23
1780978521125 0.000509113608697276 24
1780978579770 0.0005027504997321565 25
1780978638800 0.000496184280651604 26
1780978697900 0.000489421431521102 27
1780978755308 0.00048246862645625363 28
1780978813091 0.00047533272703623533 29
