1782127926605 0.38748 0
1782128006987 0.5322 1
1782128091484 0.57006 2
1782128176595 0.60127 3
1782128262600 0.62238 4
1782128348886 0.63579 5
1782128435220 0.63335 6
1782128522550 0.65392 7
1782128609579 0.65452 8
1782128696486 0.65784 9
1782128782849 0.66734 10
1782128869717 0.65853 11
1782128956773 0.65329 12
1782129043989 0.66969 13
1782129129670 0.67323 14
1782129216920 0.67248 15
1782129303388 0.6731 16
1782129390259 0.67799 17
1782129476686 0.6826 18
1782129564170 0.67449 19
1782129651202 0.67988 20
1782129738211 0.68125 21
1782129828421 0.67929 22
1782129913955 0.67739 23
1782130000842 0.68963 24
1782130088314 0.68578 25
1782130177170 0.69148 26
1782130263692 0.69432 27
1782130351167 0.68147 28
1782130437582 0.68781 29
1782130524973 0.68912 30
1782130614774 0.69246 31
1782130702438 0.69109 32
1782130790842 0.69243 33
1782130877649 0.69176 34
1782130964972 0.69589 35
1782131052526 0.69366 36
1782131138628 0.68871 37
1782131225482 0.6961 38
1782131313130 0.69245 39
1782131399607 0.69127 40
1782131487217 0.69293 41
1782131573757 0.69739 42
1782131660248 0.68191 43
1782131748992 0.69623 44
1782131836030 0.69778 45
1782131923955 0.68902 46
1782132010526 0.70437 47
1782132096825 0.69857 48
1782132183595 0.69841 49
1782132269443 0.69228 50
1782132355808 0.69437 51
1782132441812 0.69773 52
1782132529231 0.69921 53
1782132616037 0.69594 54
1782132702049 0.69747 55
1782132788544 0.69247 56
1782132874916 0.69341 57
1782132881048 0.7030338685449941 58
