1782127926605 0.58741 0
1782128006987 0.76999 1
1782128091484 0.83394 2
1782128176595 0.8636 3
1782128262600 0.88529 4
1782128348886 0.8967 5
1782128435220 0.91105 6
1782128522550 0.91284 7
1782128609579 0.91972 8
1782128696486 0.92336 9
1782128782849 0.92657 10
1782128869717 0.90959 11
1782128956773 0.92936 12
1782129043989 0.93216 13
1782129129670 0.93374 14
1782129216920 0.93056 15
1782129303388 0.93336 16
1782129390259 0.93265 17
1782129476686 0.93871 18
1782129564170 0.93504 19
1782129651202 0.93792 20
1782129738211 0.93647 21
1782129828421 0.94291 22
1782129913955 0.93537 23
1782130000842 0.93967 24
1782130088314 0.94427 25
1782130177170 0.93667 26
1782130263692 0.94681 27
1782130351167 0.93969 28
1782130437582 0.93563 29
1782130524973 0.94918 30
1782130614774 0.94425 31
1782130702438 0.94761 32
1782130790842 0.94312 33
1782130877649 0.94279 34
1782130964972 0.93878 35
1782131052526 0.94358 36
1782131138628 0.94935 37
1782131225482 0.93815 38
1782131313130 0.94969 39
1782131399607 0.94491 40
1782131487217 0.93968 41
1782131573757 0.94704 42
1782131660248 0.94231 43
1782131748992 0.94633 44
1782131836030 0.9506 45
1782131923955 0.94234 46
1782132010526 0.94559 47
1782132096825 0.949 48
1782132183595 0.94604 49
1782132269443 0.94437 50
1782132355808 0.94468 51
1782132441812 0.94397 52
1782132529231 0.94998 53
1782132616037 0.94194 54
1782132702049 0.94596 55
1782132788544 0.94221 56
1782132874916 0.94673 57
1782132881048 0.945722355186634 58
