1782127926605 0.59179 0
1782128006987 0.80733 1
1782128091484 0.782 2
1782128176595 0.81942 3
1782128262600 0.8456 4
1782128348886 0.86067 5
1782128435220 0.85755 6
1782128522550 0.85433 7
1782128609579 0.91021 8
1782128696486 0.85946 9
1782128782849 0.90607 10
1782128869717 0.92195 11
1782128956773 0.90689 12
1782129043989 0.90909 13
1782129129670 0.88236 14
1782129216920 0.90812 15
1782129303388 0.90842 16
1782129390259 0.90005 17
1782129476686 0.93095 18
1782129564170 0.92718 19
1782129651202 0.94134 20
1782129738211 0.93048 21
1782129828421 0.92413 22
1782129913955 0.89882 23
1782130000842 0.94501 24
1782130088314 0.90188 25
1782130177170 0.90055 26
1782130263692 0.91115 27
1782130351167 0.92581 28
1782130437582 0.91809 29
1782130524973 0.94263 30
1782130614774 0.91792 31
1782130702438 0.94028 32
1782130790842 0.91915 33
1782130877649 0.93602 34
1782130964972 0.93818 35
1782131052526 0.90534 36
1782131138628 0.92242 37
1782131225482 0.91524 38
1782131313130 0.94707 39
1782131399607 0.92659 40
1782131487217 0.90193 41
1782131573757 0.92108 42
1782131660248 0.93905 43
1782131748992 0.92669 44
1782131836030 0.92352 45
1782131923955 0.94003 46
1782132010526 0.92848 47
1782132096825 0.94321 48
1782132183595 0.92523 49
1782132269443 0.95021 50
1782132355808 0.93724 51
1782132441812 0.94929 52
1782132529231 0.93741 53
1782132616037 0.92818 54
1782132702049 0.95161 55
1782132788544 0.9252 56
1782132874916 0.93873 57
1782132881048 0.9257157502873871 58
