1782127926605 0.60406 0
1782128006987 0.66567 1
1782128091484 0.76416 2
1782128176595 0.78594 3
1782128262600 0.80038 4
1782128348886 0.82033 5
1782128435220 0.844 6
1782128522550 0.85434 7
1782128609579 0.86818 8
1782128696486 0.89806 9
1782128782849 0.88093 10
1782128869717 0.88323 11
1782128956773 0.8961 12
1782129043989 0.88993 13
1782129129670 0.91414 14
1782129216920 0.91568 15
1782129303388 0.90402 16
1782129390259 0.89352 17
1782129476686 0.91462 18
1782129564170 0.90118 19
1782129651202 0.9039 20
1782129738211 0.90628 21
1782129828421 0.92234 22
1782129913955 0.92383 23
1782130000842 0.9111 24
1782130088314 0.92973 25
1782130177170 0.92606 26
1782130263692 0.93051 27
1782130351167 0.9209 28
1782130437582 0.91739 29
1782130524973 0.91343 30
1782130614774 0.92446 31
1782130702438 0.91262 32
1782130790842 0.92485 33
1782130877649 0.91855 34
1782130964972 0.91467 35
1782131052526 0.93307 36
1782131138628 0.93153 37
1782131225482 0.92357 38
1782131313130 0.91659 39
1782131399607 0.91012 40
1782131487217 0.91773 41
1782131573757 0.93769 42
1782131660248 0.91755 43
1782131748992 0.91817 44
1782131836030 0.93847 45
1782131923955 0.9289 46
1782132010526 0.93635 47
1782132096825 0.92498 48
1782132183595 0.93254 49
1782132269443 0.91953 50
1782132355808 0.92197 51
1782132441812 0.92546 52
1782132529231 0.93515 53
1782132616037 0.9358 54
1782132702049 0.92809 55
1782132788544 0.92496 56
1782132874916 0.92301 57
1782132881048 0.9366216919484713 58
