1780968819135 0.00019547311827956988 0
1780968868381 0.00039137749994517656 1
1780968916614 0.0005868992924978593 2
1780968965392 0.0005867082654173725 3
1780969014520 0.0005857049049645919 4
1780969064198 0.0005844165684136208 5
1780969115231 0.0005828445271970921 6
1780969167877 0.0005809903327298918 7
1780969217964 0.0005788558148780993 8
1780969268347 0.000576443080153131 9
1780969319081 0.0005737545096328674 10
1780969369611 0.0005707927566118168 11
1780969420296 0.0005675607439826344 12
1780969470529 0.0005640616613515795 13
1780969520141 0.0005602989618907596 14
1780969570388 0.0005562763589302663 15
1780969620659 0.0005519978222935669 16
1780969671772 0.0005474675743797679 17
1780969724131 0.0005426900859966165 18
1780969775344 0.0005376700719483539 19
1780969825680 0.0005324124863827722 20
1780969877245 0.0005269225179020684 21
1780969928416 0.0005212055844423212 22
1780969979547 0.0005152673279266416 23
1780970031269 0.000509113608697276 24
1780970084924 0.0005027504997321565 25
1780970139544 0.000496184280651604 26
1780970192442 0.000489421431521102 27
1780970243627 0.00048246862645625363 28
1780970294743 0.00047533272703623533 29
1780970346191 0.00046802077553224723 30
1780970397791 0.00046053998795764114 31
1780970449234 0.00045289774694658673 32
1780970500573 0.000445101594468303 33
1780970551698 0.0004371592243840452 34
1780970603158 0.00042907847485419253 35
1780970655069 0.00042086732060293 36
1780970706226 0.00041253386504815916 37
1780970757758 0.0004040863323044024 38
1780970808732 0.00039553305906659455 39
1780970859704 0.00038688248638277223 40
1780970911755 0.0003781431513237781 41
1780970963147 0.0003693236785582026 42
1780971014645 0.0003604327718408777 43
1780971068917 0.000351479205423321 44
1780971120384 0.0003424718153946096 45
1780971172019 0.0003334194909612264 46
1780971223863 0.00032433116567448674 47
1780971277980 0.000315215808614202 48
