1782027245007 0.44492 0
1782027310559 0.78258 1
1782027379189 0.84216 2
1782027450630 0.88091 3
1782027524167 0.89141 4
1782027600192 0.9146 5
1782027677232 0.90729 6
1782027753897 0.91752 7
1782027831702 0.91899 8
1782027910958 0.92902 9
1782027987544 0.92431 10
1782028066500 0.92511 11
1782028144652 0.92795 12
1782028220421 0.9311 13
1782028296559 0.93138 14
1782028373757 0.92283 15
1782028449024 0.93921 16
1782028525228 0.93457 17
1782028602223 0.93787 18
1782028679061 0.92903 19
1782028753879 0.93966 20
1782028830450 0.93638 21
1782028907653 0.93555 22
1782028983441 0.9413 23
1782029060198 0.93958 24
1782029135525 0.93207 25
1782029210915 0.93878 26
1782029285714 0.93574 27
1782029361616 0.94164 28
1782029436854 0.94727 29
1782029521160 0.94 30
1782029603619 0.94201 31
1782029680558 0.94445 32
1782029756041 0.9491 33
1782029827579 0.94972 34
1782029899827 0.94279 35
1782029974440 0.94006 36
1782030046603 0.94568 37
1782030118216 0.93693 38
1782030192341 0.93791 39
1782030263900 0.9383 40
1782030335244 0.94566 41
1782030409338 0.9449 42
