1782027245007 0.30238 0
1782027310559 0.51333 1
1782027379189 0.5628 2
1782027450630 0.60634 3
1782027524167 0.58127 4
1782027600192 0.63971 5
1782027677232 0.6322 6
1782027753897 0.65919 7
1782027831702 0.66547 8
1782027910958 0.66685 9
1782027987544 0.653 10
1782028066500 0.67668 11
1782028144652 0.66542 12
1782028220421 0.67124 13
1782028296559 0.67649 14
1782028373757 0.66733 15
1782028449024 0.67363 16
1782028525228 0.68196 17
1782028602223 0.68342 18
1782028679061 0.67383 19
1782028753879 0.67882 20
1782028830450 0.68337 21
1782028907653 0.68076 22
1782028983441 0.67591 23
1782029060198 0.69484 24
1782029135525 0.67933 25
1782029210915 0.69509 26
1782029285714 0.68819 27
1782029361616 0.68852 28
1782029436854 0.69484 29
1782029521160 0.6905 30
1782029603619 0.68876 31
1782029680558 0.69468 32
1782029756041 0.69182 33
1782029827579 0.6971 34
1782029899827 0.69836 35
1782029974440 0.69667 36
1782030046603 0.6964 37
1782030118216 0.69685 38
1782030192341 0.69981 39
1782030263900 0.6967 40
1782030335244 0.70155 41
1782030409338 0.69739 42
