1782027245007 0.53798 0
1782027310559 0.80257 1
1782027379189 0.79392 2
1782027450630 0.85546 3
1782027524167 0.81729 4
1782027600192 0.88225 5
1782027677232 0.84988 6
1782027753897 0.88802 7
1782027831702 0.87067 8
1782027910958 0.92509 9
1782027987544 0.90886 10
1782028066500 0.91769 11
1782028144652 0.92994 12
1782028220421 0.90707 13
1782028296559 0.92921 14
1782028373757 0.89229 15
1782028449024 0.94502 16
1782028525228 0.89106 17
1782028602223 0.89668 18
1782028679061 0.89439 19
1782028753879 0.96035 20
1782028830450 0.88942 21
1782028907653 0.92208 22
1782028983441 0.91909 23
1782029060198 0.93339 24
1782029135525 0.91662 25
1782029210915 0.92865 26
1782029285714 0.91144 27
1782029361616 0.93797 28
1782029436854 0.91032 29
1782029521160 0.9264 30
1782029603619 0.92894 31
1782029680558 0.94253 32
1782029756041 0.90372 33
1782029827579 0.95248 34
1782029899827 0.94651 35
1782029974440 0.9546 36
1782030046603 0.93246 37
1782030118216 0.91901 38
1782030192341 0.89572 39
1782030263900 0.94164 40
1782030335244 0.94242 41
1782030409338 0.92067 42
