1782027245007 0.45101 0
1782027310559 0.70225 1
1782027379189 0.77871 2
1782027450630 0.76437 3
1782027524167 0.83162 4
1782027600192 0.85435 5
1782027677232 0.87773 6
1782027753897 0.84843 7
1782027831702 0.88546 8
1782027910958 0.87748 9
1782027987544 0.87974 10
1782028066500 0.89214 11
1782028144652 0.86393 12
1782028220421 0.89618 13
1782028296559 0.8892 14
1782028373757 0.88195 15
1782028449024 0.90147 16
1782028525228 0.91636 17
1782028602223 0.92615 18
1782028679061 0.91428 19
1782028753879 0.86681 20
1782028830450 0.92294 21
1782028907653 0.91921 22
1782028983441 0.91723 23
1782029060198 0.91183 24
1782029135525 0.91604 25
1782029210915 0.9087 26
1782029285714 0.91924 27
1782029361616 0.90039 28
1782029436854 0.92155 29
1782029521160 0.91399 30
1782029603619 0.91635 31
1782029680558 0.91795 32
1782029756041 0.92665 33
1782029827579 0.90881 34
1782029899827 0.9243 35
1782029974440 0.89683 36
1782030046603 0.92928 37
1782030118216 0.925 38
1782030192341 0.93064 39
1782030263900 0.89366 40
1782030335244 0.93195 41
1782030409338 0.93896 42
