1780977139891 1.53141 0
1780977204703 1.26841 1
1780977257961 1.20258 2
1780977313866 1.15616 3
1780977369622 1.12626 4
1780977426086 1.10329 5
1780977483075 1.10493 6
1780977541734 1.0822 7
1780977599647 1.08281 8
1780977657798 1.06006 9
1780977715567 1.05293 10
1780977773661 1.04541 11
1780977830980 1.03568 12
1780977888122 1.03385 13
1780977946391 1.02817 14
1780978004440 1.02903 15
1780978061016 1.0117 16
1780978118257 1.00568 17
1780978175229 1.01972 18
1780978232216 0.9943 19
1780978291563 0.98874 20
1780978348482 0.99662 21
1780978406359 0.98758 22
1780978463919 0.98999 23
1780978521125 0.98097 24
1780978579770 0.97211 25
1780978638800 0.96879 26
1780978697900 0.96693 27
1780978755308 0.96614 28
1780978813091 0.9619 29
