1780977139891 2.29287 0
1780977204703 1.0467 1
1780977257961 0.83907 2
1780977313866 0.76242 3
1780977369622 0.70519 4
1780977426086 0.66875 5
1780977483075 0.64526 6
1780977541734 0.61625 7
1780977599647 0.59893 8
1780977657798 0.58639 9
1780977715567 0.57493 10
1780977773661 0.55554 11
1780977830980 0.55492 12
1780977888122 0.54241 13
1780977946391 0.53036 14
1780978004440 0.52525 15
1780978061016 0.51116 16
1780978118257 0.50656 17
1780978175229 0.50844 18
1780978232216 0.50192 19
1780978291563 0.49494 20
1780978348482 0.49008 21
1780978406359 0.48181 22
1780978463919 0.48056 23
1780978521125 0.47394 24
1780978579770 0.47183 25
1780978638800 0.46681 26
1780978697900 0.47167 27
1780978755308 0.4672 28
1780978813091 0.46133 29
