1780977139891 0.96853 0
1780977204703 0.91311 1
1780977257961 0.89857 2
1780977313866 0.89458 3
1780977369622 0.8885 4
1780977426086 0.88781 5
1780977483075 0.88292 6
1780977541734 0.88249 7
1780977599647 0.87969 8
1780977657798 0.87889 9
1780977715567 0.87553 10
1780977773661 0.87593 11
1780977830980 0.87188 12
1780977888122 0.87386 13
1780977946391 0.87405 14
1780978004440 0.87098 15
1780978061016 0.86954 16
1780978118257 0.8686 17
1780978175229 0.86913 18
1780978232216 0.86603 19
1780978291563 0.86615 20
1780978348482 0.86517 21
1780978406359 0.86686 22
1780978463919 0.86636 23
1780978521125 0.86595 24
1780978579770 0.86397 25
1780978638800 0.86389 26
1780978697900 0.86086 27
1780978755308 0.86177 28
1780978813091 0.86193 29
