1781160963471 0.48013 0
1781161018629 0.8077 1
1781161079588 0.85671 2
1781161137482 0.89704 3
1781161221476 0.90834 4
1781161276521 0.91106 5
1781161331983 0.91849 6
1781161389946 0.92407 7
1781161449335 0.92484 8
1781161508747 0.92807 9
1781161568005 0.92525 10
1781161626784 0.92665 11
1781161686391 0.9291 12
1781161747093 0.92644 13
1781161806998 0.92664 14
1781161865585 0.93013 15
1781161923904 0.93146 16
1781161986010 0.93257 17
1781162045754 0.93036 18
1781162106300 0.93325 19
1781162167576 0.93247 20
1781162227284 0.938 21
1781162286650 0.93078 22
1781162346866 0.93837 23
1781162406607 0.92948 24
1781162466531 0.92527 25
1781162526999 0.93872 26
1781162588050 0.93881 27
1781162648211 0.93502 28
1781162708908 0.93537 29
1781162768652 0.93646 30
1781162827972 0.93658 31
1781162886509 0.94336 32
1781162947081 0.93345 33
1781163006298 0.94282 34
1781163065950 0.93344 35
1781163124833 0.94006 36
1781163184582 0.9348 37
1781163243912 0.93945 38
1781163304867 0.93696 39
1781163364678 0.9353 40
1781163424890 0.93812 41
1781163484392 0.93226 42
1781163545847 0.93665 43
1781163607213 0.9374 44
1781163668052 0.93917 45
1781163729098 0.93637 46
1781163792632 0.93733 47
1781163851585 0.9381 48
1781163910796 0.93396 49
1781163971182 0.93247 50
1781164031913 0.93264 51
1781164038556 0.9381178981101617 51
