1781160963471 0.31399 0
1781161018629 0.53617 1
1781161079588 0.54545 2
1781161137482 0.60587 3
1781161221476 0.63038 4
1781161276521 0.59901 5
1781161331983 0.64189 6
1781161389946 0.66388 7
1781161449335 0.66078 8
1781161508747 0.65254 9
1781161568005 0.67523 10
1781161626784 0.65521 11
1781161686391 0.66307 12
1781161747093 0.6594 13
1781161806998 0.6708 14
1781161865585 0.65826 15
1781161923904 0.67424 16
1781161986010 0.67242 17
1781162045754 0.66995 18
1781162106300 0.6732 19
1781162167576 0.68207 20
1781162227284 0.65068 21
1781162286650 0.68465 22
1781162346866 0.68396 23
1781162406607 0.67858 24
1781162466531 0.67702 25
1781162526999 0.66573 26
1781162588050 0.67684 27
1781162648211 0.68673 28
1781162708908 0.68187 29
1781162768652 0.68222 30
1781162827972 0.68033 31
1781162886509 0.68803 32
1781162947081 0.69098 33
1781163006298 0.68557 34
1781163065950 0.68708 35
1781163124833 0.69083 36
1781163184582 0.69198 37
1781163243912 0.69902 38
1781163304867 0.69096 39
1781163364678 0.69157 40
1781163424890 0.70101 41
1781163484392 0.68913 42
1781163545847 0.68573 43
1781163607213 0.6881 44
1781163668052 0.69702 45
1781163729098 0.69602 46
1781163792632 0.7002 47
1781163851585 0.69535 48
1781163910796 0.6944 49
1781163971182 0.69141 50
1781164031913 0.69655 51
1781164038556 0.7010756839259615 51
