1781160963471 0.50471 0
1781161018629 0.84599 1
1781161079588 0.88452 2
1781161137482 0.9321 3
1781161221476 0.94434 4
1781161276521 0.94074 5
1781161331983 0.92763 6
1781161389946 0.94942 7
1781161449335 0.94536 8
1781161508747 0.94464 9
1781161568005 0.95874 10
1781161626784 0.94144 11
1781161686391 0.96299 12
1781161747093 0.95123 13
1781161806998 0.9131 14
1781161865585 0.92933 15
1781161923904 0.93313 16
1781161986010 0.9479 17
1781162045754 0.92016 18
1781162106300 0.94803 19
1781162167576 0.94498 20
1781162227284 0.9508 21
1781162286650 0.92537 22
1781162346866 0.94888 23
1781162406607 0.93879 24
1781162466531 0.931 25
1781162526999 0.94416 26
1781162588050 0.94867 27
1781162648211 0.93759 28
1781162708908 0.94733 29
1781162768652 0.94197 30
1781162827972 0.93585 31
1781162886509 0.9447 32
1781162947081 0.93731 33
1781163006298 0.93348 34
1781163065950 0.93325 35
1781163124833 0.93771 36
1781163184582 0.94679 37
1781163243912 0.93806 38
1781163304867 0.9551 39
1781163364678 0.94519 40
1781163424890 0.93564 41
1781163484392 0.94942 42
1781163545847 0.93802 43
1781163607213 0.94206 44
1781163668052 0.94302 45
1781163729098 0.93904 46
1781163792632 0.94209 47
1781163851585 0.94365 48
1781163910796 0.94103 49
1781163971182 0.93776 50
1781164031913 0.95562 51
1781164038556 0.9361261681018027 51
