1781160963471 0.54388 0
1781161018629 0.75326 1
1781161079588 0.79837 2
1781161137482 0.84187 3
1781161221476 0.858 4
1781161276521 0.87014 5
1781161331983 0.89073 6
1781161389946 0.87289 7
1781161449335 0.88109 8
1781161508747 0.89316 9
1781161568005 0.88404 10
1781161626784 0.90051 11
1781161686391 0.88862 12
1781161747093 0.89346 13
1781161806998 0.90663 14
1781161865585 0.90965 15
1781161923904 0.89535 16
1781161986010 0.89739 17
1781162045754 0.90114 18
1781162106300 0.90443 19
1781162167576 0.90526 20
1781162227284 0.91356 21
1781162286650 0.91048 22
1781162346866 0.91454 23
1781162406607 0.90742 24
1781162466531 0.89996 25
1781162526999 0.91998 26
1781162588050 0.91658 27
1781162648211 0.91297 28
1781162708908 0.91393 29
1781162768652 0.91667 30
1781162827972 0.91941 31
1781162886509 0.92289 32
1781162947081 0.91834 33
1781163006298 0.92492 34
1781163065950 0.92264 35
1781163124833 0.92171 36
1781163184582 0.9056 37
1781163243912 0.92742 38
1781163304867 0.9183 39
1781163364678 0.91655 40
1781163424890 0.92763 41
1781163484392 0.91324 42
1781163545847 0.92485 43
1781163607213 0.92415 44
1781163668052 0.92098 45
1781163729098 0.92441 46
1781163792632 0.9269 47
1781163851585 0.92412 48
1781163910796 0.91659 49
1781163971182 0.91505 50
1781164031913 0.9074 51
1781164038556 0.9277774086180055 51
