1781183177234 0.00019547311827956988 0
1781183218778 0.00039137749994517656 1
1781183262015 0.0005868992924978593 2
1781183306729 0.0005867082654173725 3
1781183350511 0.0005857049049645919 4
1781183395850 0.0005844165684136208 5
1781183441156 0.0005828445271970921 6
1781183487557 0.0005809903327298918 7
1781183534661 0.0005788558148780993 8
1781183584514 0.000576443080153131 9
1781183632168 0.0005737545096328674 10
1781183679273 0.0005707927566118168 11
1781183727269 0.0005675607439826344 12
1781183774714 0.0005640616613515795 13
1781183822178 0.0005602989618907596 14
1781183869356 0.0005562763589302663 15
1781183916851 0.0005519978222935669 16
1781183964425 0.0005474675743797679 17
1781184012634 0.0005426900859966165 18
1781184060442 0.0005376700719483539 19
1781184108091 0.0005324124863827722 20
1781184155897 0.0005269225179020684 21
1781184203086 0.0005212055844423212 22
1781184251408 0.0005152673279266416 23
1781184300573 0.000509113608697276 24
1781184348382 0.0005027504997321565 25
1781184396455 0.000496184280651604 26
1781184444036 0.000489421431521102 27
1781184491392 0.00048246862645625363 28
1781184540307 0.00047533272703623533 29
1781184588685 0.00046802077553224723 30
1781184637069 0.00046053998795764114 31
1781184684685 0.00045289774694658673 32
1781184732778 0.000445101594468303 33
1781184780825 0.0004371592243840452 34
1781184828385 0.00042907847485419253 35
1781184875778 0.00042086732060293 36
1781184924060 0.00041253386504815916 37
1781184971719 0.0004040863323044024 38
1781185019818 0.00039553305906659455 39
1781185068192 0.00038688248638277223 40
1781185116982 0.0003781431513237781 41
1781185165092 0.0003693236785582026 42
1781185213101 0.0003604327718408777 43
1781185260917 0.000351479205423321 44
1781185309047 0.0003424718153946096 45
1781185356127 0.0003334194909612264 46
1781185404308 0.00032433116567448674 47
1781185452915 0.000315215808614202 48
1781185500936 0.00030608241553728004 49
1781185548955 0.00029694000000000004 50
1781185597201 0.00028779758446272 51
1781185645464 0.000278664191385798 52
