1780968819135 1.51288 0
1780968868381 1.2613 1
1780968916614 1.2024 2
1780968965392 1.15627 3
1780969014520 1.12489 4
1780969064198 1.12481 5
1780969115231 1.10209 6
1780969167877 1.10577 7
1780969217964 1.08703 8
1780969268347 1.06537 9
1780969319081 1.05361 10
1780969369611 1.03803 11
1780969420296 1.04652 12
1780969470529 1.03406 13
1780969520141 1.02892 14
1780969570388 1.02642 15
1780969620659 1.0121 16
1780969671772 1.00613 17
1780969724131 1.02892 18
1780969775344 0.9891 19
1780969825680 0.98973 20
1780969877245 0.99605 21
1780969928416 0.98731 22
1780969979547 0.99343 23
1780970031269 0.97527 24
1780970084924 0.97302 25
1780970139544 0.96732 26
1780970192442 0.96302 27
1780970243627 0.96788 28
1780970294743 0.9639 29
1780970346191 0.94833 30
1780970397791 0.95553 31
1780970449234 0.95766 32
1780970500573 0.94123 33
1780970551698 0.95188 34
1780970603158 0.93939 35
1780970655069 0.93169 36
1780970706226 0.92381 37
1780970757758 0.92175 38
1780970808732 0.92608 39
1780970859704 0.92466 40
1780970911755 0.9197 41
1780970963147 0.90891 42
1780971014645 0.91164 43
1780971068917 0.90031 44
1780971120384 0.90715 45
1780971172019 0.89385 46
1780971223863 0.88509 47
1780971277980 0.87908 48
