1780968819135 2.57145 0
1780968868381 1.11952 1
1780968916614 0.8773 2
1780968965392 0.78476 3
1780969014520 0.72468 4
1780969064198 0.68869 5
1780969115231 0.66105 6
1780969167877 0.64068 7
1780969217964 0.61996 8
1780969268347 0.60118 9
1780969319081 0.58707 10
1780969369611 0.56186 11
1780969420296 0.56192 12
1780969470529 0.54537 13
1780969520141 0.53553 14
1780969570388 0.53102 15
1780969620659 0.51988 16
1780969671772 0.51445 17
1780969724131 0.5193 18
1780969775344 0.50708 19
1780969825680 0.50022 20
1780969877245 0.49819 21
1780969928416 0.49266 22
1780969979547 0.48687 23
1780970031269 0.47745 24
1780970084924 0.47689 25
1780970139544 0.47427 26
1780970192442 0.46907 27
1780970243627 0.47163 28
1780970294743 0.46542 29
1780970346191 0.46595 30
1780970397791 0.45788 31
1780970449234 0.45846 32
1780970500573 0.45758 33
1780970551698 0.45162 34
1780970603158 0.44343 35
1780970655069 0.44455 36
1780970706226 0.44144 37
1780970757758 0.43937 38
1780970808732 0.4377 39
1780970859704 0.43668 40
1780970911755 0.43411 41
1780970963147 0.43358 42
1780971014645 0.43066 43
1780971068917 0.42558 44
1780971120384 0.42807 45
1780971172019 0.4237 46
1780971223863 0.41515 47
1780971277980 0.41476 48
