1780968819135 0.92688 0
1780968868381 0.90278 1
1780968916614 0.89391 2
1780968965392 0.89084 3
1780969014520 0.88614 4
1780969064198 0.88839 5
1780969115231 0.88023 6
1780969167877 0.88378 7
1780969217964 0.8777 8
1780969268347 0.87807 9
1780969319081 0.87305 10
1780969369611 0.87282 11
1780969420296 0.87194 12
1780969470529 0.8716 13
1780969520141 0.87191 14
1780969570388 0.86909 15
1780969620659 0.86758 16
1780969671772 0.86686 17
1780969724131 0.8684 18
1780969775344 0.86367 19
1780969825680 0.8638 20
1780969877245 0.86328 21
1780969928416 0.86519 22
1780969979547 0.86466 23
1780970031269 0.86328 24
1780970084924 0.86199 25
1780970139544 0.86173 26
1780970192442 0.85864 27
1780970243627 0.85986 28
1780970294743 0.86043 29
1780970346191 0.85531 30
1780970397791 0.86047 31
1780970449234 0.85774 32
1780970500573 0.85571 33
1780970551698 0.8532 34
1780970603158 0.85601 35
1780970655069 0.85316 36
1780970706226 0.85091 37
1780970757758 0.85326 38
1780970808732 0.85274 39
1780970859704 0.85122 40
1780970911755 0.84832 41
1780970963147 0.84932 42
1780971014645 0.84854 43
1780971068917 0.84718 44
1780971120384 0.84576 45
1780971172019 0.84699 46
1780971223863 0.8436 47
1780971277980 0.84422 48
