1782030759728 0.00019506666666666667 0
1782030829646 0.00039097114760914425 1
1782030914040 0.0005864932378944655 2
1782031002665 0.0005867082654173725 3
1782031095119 0.0005857049049645919 4
1782031185743 0.0005844165684136208 5
1782031277130 0.0005828445271970921 6
1782031368663 0.0005809903327298918 7
1782031460041 0.0005788558148780993 8
1782031552228 0.000576443080153131 9
1782031643147 0.0005737545096328674 10
1782031734797 0.0005707927566118168 11
1782031824841 0.0005675607439826344 12
1782031914382 0.0005640616613515795 13
1782032005189 0.0005602989618907596 14
1782032098772 0.0005562763589302663 15
1782032191357 0.0005519978222935669 16
1782032282933 0.0005474675743797679 17
1782032374762 0.0005426900859966165 18
1782032464865 0.0005376700719483539 19
1782032558171 0.0005324124863827722 20
1782032650714 0.0005269225179020684 21
1782032740737 0.0005212055844423212 22
1782032831314 0.0005152673279266416 23
1782032928704 0.000509113608697276 24
1782033023796 0.0005027504997321565 25
1782033119599 0.000496184280651604 26
1782033213386 0.000489421431521102 27
1782033309446 0.00048246862645625363 28
1782033400750 0.00047533272703623533 29
1782033492618 0.00046802077553224723 30
1782033583411 0.00046053998795764114 31
1782033676388 0.00045289774694658673 32
1782033768314 0.000445101594468303 33
1782033859449 0.0004371592243840452 34
1782033952238 0.00042907847485419253 35
1782034043731 0.00042086732060293 36
1782034136216 0.00041253386504815916 37
1782034227924 0.0004040863323044024 38
1782034319667 0.00039553305906659455 39
1782034411281 0.00038688248638277223 40
1782034502070 0.0003781431513237781 41
1782034592922 0.0003693236785582026 42
1782034740382 0.0003604327718408777 43
1782034829619 0.000351479205423321 44
1782034922187 0.0003424718153946096 45
1782034987924 0.0003334194909612264 46
1782035090462 0.00032433116567448674 47
1782035168427 0.000315215808614202 48
1782035239192 0.00030608241553728004 49
1782035324677 0.00029694000000000004 50
1782035392446 0.00028779758446272 51
1782035469216 0.000278664191385798 52
1782035541048 0.0002695488343255132 53
1782035590443 0.00026046050903877355 54
1782035640544 0.00025140818460539044 55
1782035705499 0.000242400794576679 56
1782035775141 0.00023344722815912242 57
1782035833387 0.00022455632144179738 58
1782035883907 0.00021573684867622197 59
1782035934836 0.00020699751361722796 60
1782035986411 0.00019834694093340553 61
1782036042133 0.00018979366769559768 62
1782036100745 0.00018134613495184073 63
1782036148550 0.00017301267939706994 64
1782036197899 0.00016480152514580755 65
1782036274534 0.00015672077561595474 66
1782036361880 0.00014877840553169692 67
1782036416533 0.0001409822530534131 68
1782036473343 0.0001333400120423588 69
1782036522137 0.00012585922446775287 70
1782036571482 0.00011854727296376463 71
1782036622972 0.00011141137354374636 72
1782036673807 0.0001044585684788979 73
1782036723960 9.769571934839586e-05 74
1782036773670 9.112950026784351e-05 75
1782036837906 8.476639130272405e-05 76
1782036895320 7.861267207335842e-05 77
1782036943366 7.267441555767886e-05 78
1782036991833 6.695748209793155e-05 79
1782037040507 6.146751361722778e-05 80
1782037089264 5.6209928051646074e-05 81
1782037138322 5.118991400338357e-05 82
1782037187685 4.6412425620232176e-05 83
1782037239567 4.188217770643309e-05 84
1782037288128 3.760364106973367e-05 85
1782037337526 3.35810381092404e-05 86
1782037386495 2.9818338648420468e-05 87
1782037435398 2.631925601736558e-05 88
