1781529441495 1.53638 0
1781529480425 1.29378 1
1781529521151 1.21443 2
1781529564634 1.15909 3
1781529606452 1.1423 4
1781529649914 1.1126 5
1781529691286 1.10702 6
1781529733451 1.09809 7
1781529774813 1.08814 8
1781529816623 1.05906 9
1781529858739 1.05102 10
1781529900622 1.05478 11
1781529942361 1.04827 12
1781529984436 1.04215 13
1781530025949 1.0306 14
1781530067628 1.02077 15
1781530110350 1.03109 16
1781530152891 1.01153 17
1781530194957 1.00757 18
1781530237498 1.0147 19
1781530280490 1.00127 20
1781530322766 0.9882 21
1781530364607 0.99904 22
1781530407231 0.98663 23
1781530490832 0.98413 24
1781530575046 0.98461 25
1781530661368 0.97832 26
1781530747850 0.96948 27
1781530831829 0.96228 28
1781530913824 0.96838 29
1781530995942 0.959 30
1781531078589 0.95204 31
1781531160265 0.95254 32
1781531240204 0.95103 33
1781531320214 0.94376 34
1781531399590 0.9427 35
1781531479436 0.93478 36
1781531556500 0.94026 37
1781531602807 0.93607 38
1781531653750 0.92667 39
