1781529441495 2.2275 0
1781529480425 1.04853 1
1781529521151 0.85733 2
1781529564634 0.7683 3
1781529606452 0.72421 4
1781529649914 0.6748 5
1781529691286 0.64783 6
1781529733451 0.62317 7
1781529774813 0.60955 8
1781529816623 0.58637 9
1781529858739 0.57211 10
1781529900622 0.5637 11
1781529942361 0.55707 12
1781529984436 0.54421 13
1781530025949 0.53432 14
1781530067628 0.52516 15
1781530110350 0.52617 16
1781530152891 0.51662 17
1781530194957 0.51255 18
1781530237498 0.51078 19
1781530280490 0.50181 20
1781530322766 0.49186 21
1781530364607 0.50439 22
1781530407231 0.48822 23
1781530490832 0.48881 24
1781530575046 0.48252 25
1781530661368 0.48341 26
1781530747850 0.47528 27
1781530831829 0.46903 28
1781530913824 0.47263 29
1781530995942 0.46438 30
1781531078589 0.45844 31
1781531160265 0.45762 32
1781531240204 0.4584 33
1781531320214 0.45202 34
1781531399590 0.45143 35
1781531479436 0.45062 36
1781531556500 0.45131 37
1781531602807 0.44876 38
1781531653750 0.44165 39
