1781529441495 0.96605 0
1781529480425 0.91336 1
1781529521151 0.90246 2
1781529564634 0.89288 3
1781529606452 0.88996 4
1781529649914 0.88609 5
1781529691286 0.88337 6
1781529733451 0.88358 7
1781529774813 0.88101 8
1781529816623 0.87651 9
1781529858739 0.87295 10
1781529900622 0.87586 11
1781529942361 0.87356 12
1781529984436 0.87297 13
1781530025949 0.87052 14
1781530067628 0.87065 15
1781530110350 0.87337 16
1781530152891 0.86817 17
1781530194957 0.86565 18
1781530237498 0.86797 19
1781530280490 0.86655 20
1781530322766 0.86449 21
1781530364607 0.86478 22
1781530407231 0.86588 23
1781530490832 0.86436 24
1781530575046 0.86354 25
1781530661368 0.86277 26
1781530747850 0.86149 27
1781530831829 0.86004 28
1781530913824 0.85987 29
1781530995942 0.85761 30
1781531078589 0.85741 31
1781531160265 0.85891 32
1781531240204 0.85526 33
1781531320214 0.85627 34
1781531399590 0.85539 35
1781531479436 0.85271 36
1781531556500 0.85573 37
1781531602807 0.85506 38
1781531653750 0.85143 39
