1782127923770 1.50892 0
1782128003777 1.36273 1
1782128088091 1.31861 2
1782128173445 1.26678 3
1782128259286 1.23153 4
1782128345567 1.21649 5
1782128432013 1.20748 6
1782128519291 1.18524 7
1782128606253 1.18818 8
1782128693184 1.17055 9
1782128779620 1.15815 10
1782128866552 1.14627 11
1782128953554 1.13591 12
1782129040717 1.12931 13
1782129126496 1.10856 14
1782129213507 1.10523 15
1782129300168 1.10143 16
1782129386930 1.10655 17
1782129473448 1.08895 18
1782129560955 1.09475 19
1782129647710 1.08091 20
1782129734992 1.07586 21
1782129825228 1.07406 22
1782129910715 1.06758 23
1782129997696 1.05312 24
1782130085126 1.0397 25
1782130174148 1.05843 26
1782130260446 1.04573 27
1782130347803 1.03135 28
1782130434164 1.04462 29
1782130521629 1.02131 30
1782130611514 1.0192 31
1782130699236 1.01712 32
1782130787644 1.01871 33
1782130874440 1.00619 34
1782130961743 1.00165 35
1782131049204 1.00544 36
1782131135392 1.00783 37
1782131222219 0.99255 38
1782131309828 0.98895 39
1782131396462 0.98578 40
1782131483923 0.9821 41
1782131570582 0.97108 42
1782131657044 0.97182 43
1782131745807 0.96397 44
1782131832785 0.95354 45
1782131920721 0.95721 46
1782132007313 0.94762 47
1782132093513 0.93671 48
1782132180377 0.94217 49
1782132266173 0.93885 50
1782132352659 0.93474 51
1782132438504 0.92273 52
1782132526127 0.92087 53
1782132612792 0.92104 54
1782132698910 0.91457 55
1782132785325 0.90049 56
1782132871649 0.89906 57
