1782127923770 2.98561 0
1782128003777 1.49033 1
1782128088091 1.16243 2
1782128173445 0.97478 3
1782128259286 0.8388 4
1782128345567 0.76174 5
1782128432013 0.69369 6
1782128519291 0.6424 7
1782128606253 0.6206 8
1782128693184 0.57163 9
1782128779620 0.54305 10
1782128866552 0.52609 11
1782128953554 0.50525 12
1782129040717 0.492 13
1782129126496 0.47424 14
1782129213507 0.46571 15
1782129300168 0.45925 16
1782129386930 0.45667 17
1782129473448 0.44472 18
1782129560955 0.44903 19
1782129647710 0.434 20
1782129734992 0.42045 21
1782129825228 0.43118 22
1782129910715 0.41283 23
1782129997696 0.40542 24
1782130085126 0.39512 25
1782130174148 0.41079 26
1782130260446 0.40094 27
1782130347803 0.38771 28
1782130434164 0.39818 29
1782130521629 0.38032 30
1782130611514 0.37718 31
1782130699236 0.37592 32
1782130787644 0.37657 33
1782130874440 0.36719 34
1782130961743 0.36618 35
1782131049204 0.3729 36
1782131135392 0.37131 37
1782131222219 0.36577 38
1782131309828 0.3607 39
1782131396462 0.35933 40
1782131483923 0.35561 41
1782131570582 0.34891 42
1782131657044 0.3483 43
1782131745807 0.35217 44
1782131832785 0.34401 45
1782131920721 0.3454 46
1782132007313 0.34045 47
1782132093513 0.33642 48
1782132180377 0.34046 49
1782132266173 0.33644 50
1782132352659 0.3333 51
1782132438504 0.32861 52
1782132526127 0.32983 53
1782132612792 0.32468 54
1782132698910 0.32076 55
1782132785325 0.31984 56
1782132871649 0.3202 57
