1782127923770 0.86514 0
1782128003777 0.84338 1
1782128088091 0.84048 2
1782128173445 0.8356 3
1782128259286 0.8326 4
1782128345567 0.8326 5
1782128432013 0.83182 6
1782128519291 0.83104 7
1782128606253 0.83179 8
1782128693184 0.83171 9
1782128779620 0.83052 10
1782128866552 0.82873 11
1782128953554 0.83046 12
1782129040717 0.83182 13
1782129126496 0.83 14
1782129213507 0.83098 15
1782129300168 0.83227 16
1782129386930 0.83073 17
1782129473448 0.82988 18
1782129560955 0.8328 19
1782129647710 0.83619 20
1782129734992 0.8382 21
1782129825228 0.83611 22
1782129910715 0.83862 23
1782129997696 0.83732 24
1782130085126 0.83364 25
1782130174148 0.83659 26
1782130260446 0.8338 27
1782130347803 0.83362 28
1782130434164 0.83272 29
1782130521629 0.83042 30
1782130611514 0.83101 31
1782130699236 0.83045 32
1782130787644 0.82803 33
1782130874440 0.82863 34
1782130961743 0.8273 35
1782131049204 0.82571 36
1782131135392 0.82737 37
1782131222219 0.82552 38
1782131309828 0.82335 39
1782131396462 0.8247 40
1782131483923 0.82463 41
1782131570582 0.82145 42
1782131657044 0.82206 43
1782131745807 0.82037 44
1782131832785 0.81859 45
1782131920721 0.81929 46
1782132007313 0.81779 47
1782132093513 0.81792 48
1782132180377 0.81843 49
1782132266173 0.8184 50
1782132352659 0.81516 51
1782132438504 0.81605 52
1782132526127 0.81524 53
1782132612792 0.81376 54
1782132698910 0.81351 55
1782132785325 0.81421 56
1782132871649 0.81368 57
