1781522297330 0.00019506666666666667 0
1781522333444 0.00039097114760914425 1
1781522371241 0.0005864932378944655 2
1781522410331 0.0005867082654173725 3
1781522449478 0.0005857049049645919 4
1781522492504 0.0005844165684136208 5
1781522533961 0.0005828445271970921 6
1781522574500 0.0005809903327298918 7
1781522615187 0.0005788558148780993 8
1781522657021 0.000576443080153131 9
1781522703603 0.0005737545096328674 10
1781522747402 0.0005707927566118168 11
1781522794010 0.0005675607439826344 12
1781522849702 0.0005640616613515795 13
1781522899864 0.0005602989618907596 14
1781522948440 0.0005562763589302663 15
1781522999983 0.0005519978222935669 16
1781523045792 0.0005474675743797679 17
1781523091619 0.0005426900859966165 18
1781523136177 0.0005376700719483539 19
1781523181103 0.0005324124863827722 20
1781523225489 0.0005269225179020684 21
1781523266110 0.0005212055844423212 22
1781523306807 0.0005152673279266416 23
1781523347947 0.000509113608697276 24
1781523388601 0.0005027504997321565 25
1781523430544 0.000496184280651604 26
1781523471260 0.000489421431521102 27
1781523513067 0.00048246862645625363 28
1781523554363 0.00047533272703623533 29
1781523595669 0.00046802077553224723 30
1781523635982 0.00046053998795764114 31
1781523676972 0.00045289774694658673 32
1781523717944 0.000445101594468303 33
1781523758795 0.0004371592243840452 34
1781523799592 0.00042907847485419253 35
1781523840820 0.00042086732060293 36
1781523882064 0.00041253386504815916 37
1781523923062 0.0004040863323044024 38
1781523964779 0.00039553305906659455 39
1781524005149 0.00038688248638277223 40
1781524045912 0.0003781431513237781 41
1781524087301 0.0003693236785582026 42
1781524129399 0.0003604327718408777 43
1781524170987 0.000351479205423321 44
1781524216319 0.0003424718153946096 45
1781524259943 0.0003334194909612264 46
1781524303303 0.00032433116567448674 47
1781524346913 0.000315215808614202 48
1781524391398 0.00030608241553728004 49
1781524435000 0.00029694000000000004 50
1781524478665 0.00028779758446272 51
1781524521774 0.000278664191385798 52
1781524562560 0.0002695488343255132 53
