1782030762976 0.44492 0
1782030833502 0.78258 1
1782030918283 0.84216 2
1782031007512 0.88091 3
1782031099398 0.89141 4
1782031190178 0.9146 5
1782031281580 0.90729 6
1782031373049 0.91752 7
1782031464502 0.91899 8
1782031556634 0.92902 9
1782031647520 0.92431 10
1782031739142 0.92511 11
1782031829114 0.92795 12
1782031918621 0.9311 13
1782032009925 0.93138 14
1782032103065 0.92283 15
1782032195497 0.93921 16
1782032287398 0.93457 17
1782032379128 0.93787 18
1782032469308 0.92903 19
1782032562586 0.93966 20
1782032654977 0.93638 21
1782032744975 0.93555 22
1782032835926 0.9413 23
1782032933928 0.93958 24
1782033028504 0.93207 25
1782033123968 0.93878 26
1782033217962 0.93574 27
1782033313894 0.94164 28
1782033405097 0.94727 29
1782033497551 0.94 30
1782033587851 0.94201 31
1782033680829 0.94445 32
1782033772903 0.9491 33
1782033864116 0.94972 34
1782033956450 0.94279 35
1782034047954 0.94006 36
1782034140459 0.94568 37
1782034232257 0.93693 38
1782034323950 0.93791 39
1782034415711 0.9383 40
1782034506206 0.94566 41
1782034597255 0.9449 42
1782034743691 0.94811 43
1782034836440 0.94187 44
1782034924923 0.94462 45
1782034996298 0.95014 46
1782035092886 0.94777 47
1782035171421 0.94955 48
1782035242358 0.94853 49
1782035328247 0.95453 50
1782035395249 0.95271 51
1782035471482 0.94882 52
1782035543283 0.95232 53
1782035592819 0.94858 54
1782035642759 0.9496 55
1782035709083 0.95127 56
1782035779758 0.95134 57
1782035835681 0.95009 58
1782035886346 0.95042 59
1782035937255 0.9475 60
1782035988815 0.94588 61
1782036044270 0.9469 62
1782036102971 0.94744 63
1782036150841 0.95127 64
1782036200198 0.95354 65
1782036278943 0.95285 66
1782036366051 0.94828 67
1782036418705 0.95132 68
1782036475571 0.95061 69
1782036524409 0.95066 70
1782036573842 0.95131 71
1782036625624 0.94991 72
1782036675950 0.95274 73
1782036726295 0.95185 74
1782036776015 0.94862 75
1782036842181 0.95002 76
1782036897448 0.95087 77
1782036945497 0.95052 78
1782036994028 0.95175 79
1782037042834 0.95058 80
1782037091774 0.95253 81
1782037140572 0.94993 82
1782037189925 0.95184 83
1782037241703 0.9514 84
1782037290286 0.95119 85
1782037339891 0.95125 86
1782037388822 0.94945 87
1782037437508 0.95037 88
1782037442643 0.9520294026423488 89
