1782030762976 0.30238 0
1782030833502 0.51333 1
1782030918283 0.5628 2
1782031007512 0.60634 3
1782031099398 0.58127 4
1782031190178 0.63971 5
1782031281580 0.6322 6
1782031373049 0.65919 7
1782031464502 0.66547 8
1782031556634 0.66685 9
1782031647520 0.653 10
1782031739142 0.67668 11
1782031829114 0.66542 12
1782031918621 0.67124 13
1782032009925 0.67649 14
1782032103065 0.66733 15
1782032195497 0.67363 16
1782032287398 0.68196 17
1782032379128 0.68342 18
1782032469308 0.67383 19
1782032562586 0.67882 20
1782032654977 0.68337 21
1782032744975 0.68076 22
1782032835926 0.67591 23
1782032933928 0.69484 24
1782033028504 0.67933 25
1782033123968 0.69509 26
1782033217962 0.68819 27
1782033313894 0.68852 28
1782033405097 0.69484 29
1782033497551 0.6905 30
1782033587851 0.68876 31
1782033680829 0.69468 32
1782033772903 0.69182 33
1782033864116 0.6971 34
1782033956450 0.69836 35
1782034047954 0.69667 36
1782034140459 0.6964 37
1782034232257 0.69685 38
1782034323950 0.69981 39
1782034415711 0.6967 40
1782034506206 0.70155 41
1782034597255 0.69739 42
1782034743691 0.7037 43
1782034836440 0.70121 44
1782034924923 0.70285 45
1782034996298 0.70093 46
1782035092886 0.70511 47
1782035171421 0.69946 48
1782035242358 0.70567 49
1782035328247 0.70218 50
1782035395249 0.70351 51
1782035471482 0.70108 52
1782035543283 0.70183 53
1782035592819 0.7018 54
1782035642759 0.70041 55
1782035709083 0.70105 56
1782035779758 0.7014 57
1782035835681 0.70076 58
1782035886346 0.70682 59
1782035937255 0.70736 60
1782035988815 0.7055 61
1782036044270 0.70398 62
1782036102971 0.70434 63
1782036150841 0.70826 64
1782036200198 0.70364 65
1782036278943 0.70604 66
1782036366051 0.70572 67
1782036418705 0.71032 68
1782036475571 0.70791 69
1782036524409 0.70772 70
1782036573842 0.70917 71
1782036625624 0.70549 72
1782036675950 0.7041 73
1782036726295 0.70369 74
1782036776015 0.70129 75
1782036842181 0.70495 76
1782036897448 0.70337 77
1782036945497 0.7025 78
1782036994028 0.70604 79
1782037042834 0.7054 80
1782037091774 0.70634 81
1782037140572 0.70478 82
1782037189925 0.70231 83
1782037241703 0.70414 84
1782037290286 0.70203 85
1782037339891 0.70039 86
1782037388822 0.70506 87
1782037437508 0.70403 88
1782037442643 0.7107523372863502 89
