1782030762976 0.53798 0
1782030833502 0.80257 1
1782030918283 0.79392 2
1782031007512 0.85546 3
1782031099398 0.81729 4
1782031190178 0.88225 5
1782031281580 0.84988 6
1782031373049 0.88802 7
1782031464502 0.87067 8
1782031556634 0.92509 9
1782031647520 0.90886 10
1782031739142 0.91769 11
1782031829114 0.92994 12
1782031918621 0.90707 13
1782032009925 0.92921 14
1782032103065 0.89229 15
1782032195497 0.94502 16
1782032287398 0.89106 17
1782032379128 0.89668 18
1782032469308 0.89439 19
1782032562586 0.96035 20
1782032654977 0.88942 21
1782032744975 0.92208 22
1782032835926 0.91909 23
1782032933928 0.93339 24
1782033028504 0.91662 25
1782033123968 0.92865 26
1782033217962 0.91144 27
1782033313894 0.93797 28
1782033405097 0.91032 29
1782033497551 0.9264 30
1782033587851 0.92894 31
1782033680829 0.94253 32
1782033772903 0.90372 33
1782033864116 0.95248 34
1782033956450 0.94651 35
1782034047954 0.9546 36
1782034140459 0.93246 37
1782034232257 0.91901 38
1782034323950 0.89572 39
1782034415711 0.94164 40
1782034506206 0.94242 41
1782034597255 0.92067 42
1782034743691 0.93395 43
1782034836440 0.91237 44
1782034924923 0.92359 45
1782034996298 0.94783 46
1782035092886 0.94139 47
1782035171421 0.94118 48
1782035242358 0.94584 49
1782035328247 0.94686 50
1782035395249 0.94616 51
1782035471482 0.95119 52
1782035543283 0.94882 53
1782035592819 0.93617 54
1782035642759 0.94823 55
1782035709083 0.943 56
1782035779758 0.95179 57
1782035835681 0.93107 58
1782035886346 0.93973 59
1782035937255 0.952 60
1782035988815 0.93953 61
1782036044270 0.93627 62
1782036102971 0.93443 63
1782036150841 0.94456 64
1782036200198 0.94029 65
1782036278943 0.94286 66
1782036366051 0.93453 67
1782036418705 0.93213 68
1782036475571 0.93256 69
1782036524409 0.95241 70
1782036573842 0.95485 71
1782036625624 0.93529 72
1782036675950 0.94179 73
1782036726295 0.93398 74
1782036776015 0.94117 75
1782036842181 0.95228 76
1782036897448 0.94266 77
1782036945497 0.92974 78
1782036994028 0.93836 79
1782037042834 0.92914 80
1782037091774 0.93058 81
1782037140572 0.93121 82
1782037189925 0.92891 83
1782037241703 0.92968 84
1782037290286 0.93786 85
1782037339891 0.93554 86
1782037388822 0.93529 87
1782037437508 0.93652 88
1782037442643 0.9306664362514661 89
