1782030762976 0.45101 0
1782030833502 0.70225 1
1782030918283 0.77871 2
1782031007512 0.76437 3
1782031099398 0.83162 4
1782031190178 0.85435 5
1782031281580 0.87773 6
1782031373049 0.84843 7
1782031464502 0.88546 8
1782031556634 0.87748 9
1782031647520 0.87974 10
1782031739142 0.89214 11
1782031829114 0.86393 12
1782031918621 0.89618 13
1782032009925 0.8892 14
1782032103065 0.88195 15
1782032195497 0.90147 16
1782032287398 0.91636 17
1782032379128 0.92615 18
1782032469308 0.91428 19
1782032562586 0.86681 20
1782032654977 0.92294 21
1782032744975 0.91921 22
1782032835926 0.91723 23
1782032933928 0.91183 24
1782033028504 0.91604 25
1782033123968 0.9087 26
1782033217962 0.91924 27
1782033313894 0.90039 28
1782033405097 0.92155 29
1782033497551 0.91399 30
1782033587851 0.91635 31
1782033680829 0.91795 32
1782033772903 0.92665 33
1782033864116 0.90881 34
1782033956450 0.9243 35
1782034047954 0.89683 36
1782034140459 0.92928 37
1782034232257 0.925 38
1782034323950 0.93064 39
1782034415711 0.89366 40
1782034506206 0.93195 41
1782034597255 0.93896 42
1782034743691 0.92819 43
1782034836440 0.92867 44
1782034924923 0.93459 45
1782034996298 0.92015 46
1782035092886 0.92655 47
1782035171421 0.91825 48
1782035242358 0.92495 49
1782035328247 0.92968 50
1782035395249 0.92486 51
1782035471482 0.92425 52
1782035543283 0.92474 53
1782035592819 0.93228 54
1782035642759 0.92202 55
1782035709083 0.93611 56
1782035779758 0.92558 57
1782035835681 0.93404 58
1782035886346 0.9354 59
1782035937255 0.93028 60
1782035988815 0.93009 61
1782036044270 0.93372 62
1782036102971 0.93181 63
1782036150841 0.92801 64
1782036200198 0.9285 65
1782036278943 0.93054 66
1782036366051 0.93121 67
1782036418705 0.93785 68
1782036475571 0.94513 69
1782036524409 0.92243 70
1782036573842 0.91967 71
1782036625624 0.93676 72
1782036675950 0.94083 73
1782036726295 0.94098 74
1782036776015 0.93451 75
1782036842181 0.92277 76
1782036897448 0.93068 77
1782036945497 0.94098 78
1782036994028 0.94129 79
1782037042834 0.9448 80
1782037091774 0.93952 81
1782037140572 0.9425 82
1782037189925 0.94189 83
1782037241703 0.93819 84
1782037290286 0.93852 85
1782037339891 0.93409 86
1782037388822 0.93773 87
1782037437508 0.93576 88
1782037442643 0.9385116558437867 89
