1782125979822 0.00019553333333333333 0
1782126042743 0.0003914377002912554 1
1782126109929 0.0005869594487353992 2
1782126177780 0.0005867082654173725 3
1782126245742 0.0005857049049645919 4
1782126314318 0.0005844165684136208 5
1782126383232 0.0005828445271970921 6
1782126452356 0.0005809903327298918 7
1782126521329 0.0005788558148780993 8
1782126590812 0.000576443080153131 9
1782126659203 0.0005737545096328674 10
1782126729134 0.0005707927566118168 11
1782126797997 0.0005675607439826344 12
1782126868634 0.0005640616613515795 13
1782126938178 0.0005602989618907596 14
1782127008371 0.0005562763589302663 15
1782127077622 0.0005519978222935669 16
