1781160960813 0.00019547311827956988 0
1781161015762 0.00039137749994517656 1
1781161076464 0.0005868992924978593 2
1781161134706 0.0005867082654173725 3
1781161216830 0.0005857049049645919 4
1781161273921 0.0005844165684136208 5
1781161329264 0.0005828445271970921 6
1781161387121 0.0005809903327298918 7
1781161446605 0.0005788558148780993 8
1781161505978 0.000576443080153131 9
1781161565060 0.0005737545096328674 10
1781161624036 0.0005707927566118168 11
1781161683542 0.0005675607439826344 12
1781161744170 0.0005640616613515795 13
1781161804237 0.0005602989618907596 14
1781161862780 0.0005562763589302663 15
1781161921155 0.0005519978222935669 16
1781161982954 0.0005474675743797679 17
1781162042791 0.0005426900859966165 18
1781162103383 0.0005376700719483539 19
1781162164631 0.0005324124863827722 20
1781162224360 0.0005269225179020684 21
1781162283753 0.0005212055844423212 22
1781162343915 0.0005152673279266416 23
1781162403848 0.000509113608697276 24
1781162463684 0.0005027504997321565 25
1781162524137 0.000496184280651604 26
1781162585143 0.000489421431521102 27
1781162645188 0.00048246862645625363 28
1781162705989 0.00047533272703623533 29
1781162765721 0.00046802077553224723 30
1781162825092 0.00046053998795764114 31
1781162883556 0.00045289774694658673 32
1781162944203 0.000445101594468303 33
1781163003524 0.0004371592243840452 34
1781163063045 0.00042907847485419253 35
1781163121933 0.00042086732060293 36
1781163181643 0.00041253386504815916 37
1781163240874 0.0004040863323044024 38
1781163301940 0.00039553305906659455 39
1781163361800 0.00038688248638277223 40
1781163421996 0.0003781431513237781 41
1781163481584 0.0003693236785582026 42
1781163542888 0.0003604327718408777 43
1781163604170 0.000351479205423321 44
1781163664990 0.0003424718153946096 45
1781163726073 0.0003334194909612264 46
1781163789668 0.00032433116567448674 47
1781163848724 0.000315215808614202 48
1781163907968 0.00030608241553728004 49
1781163968234 0.00029694000000000004 50
1781164028902 0.00028779758446272 51
