1781183177234 1.53577 0
1781183218778 1.27266 1
1781183262015 1.20444 2
1781183306729 1.14831 3
1781183350511 1.128 4
1781183395850 1.1003 5
1781183441156 1.10874 6
1781183487557 1.091 7
1781183534661 1.07776 8
1781183584514 1.07072 9
1781183632168 1.05717 10
1781183679273 1.04346 11
1781183727269 1.03752 12
1781183774714 1.039 13
1781183822178 1.02478 14
1781183869356 1.02959 15
1781183916851 1.00382 16
1781183964425 1.00817 17
1781184012634 1.02914 18
1781184060442 0.99824 19
1781184108091 0.99351 20
1781184155897 0.98881 21
1781184203086 0.98625 22
1781184251408 0.98693 23
1781184300573 0.9849 24
1781184348382 0.97238 25
1781184396455 0.98019 26
1781184444036 0.96298 27
1781184491392 0.97482 28
1781184540307 0.96267 29
1781184588685 0.96217 30
1781184637069 0.95814 31
1781184684685 0.9569 32
1781184732778 0.94761 33
1781184780825 0.94359 34
1781184828385 0.93753 35
1781184875778 0.93331 36
1781184924060 0.92635 37
1781184971719 0.93093 38
1781185019818 0.93165 39
1781185068192 0.92877 40
1781185116982 0.92011 41
1781185165092 0.91799 42
1781185213101 0.9125 43
1781185260917 0.90451 44
1781185309047 0.91297 45
1781185356127 0.89632 46
1781185404308 0.89769 47
1781185452915 0.89525 48
1781185500936 0.8975 49
1781185548955 0.88532 50
1781185597201 0.88666 51
1781185645464 0.88211 52
