1781183177234 2.28344 0
1781183218778 1.04206 1
1781183262015 0.84744 2
1781183306729 0.761 3
1781183350511 0.70175 4
1781183395850 0.66962 5
1781183441156 0.64754 6
1781183487557 0.62247 7
1781183534661 0.59988 8
1781183584514 0.58859 9
1781183632168 0.57293 10
1781183679273 0.55485 11
1781183727269 0.55209 12
1781183774714 0.53661 13
1781183822178 0.52416 14
1781183869356 0.5252 15
1781183916851 0.5059 16
1781183964425 0.50963 17
1781184012634 0.51814 18
1781184060442 0.50125 19
1781184108091 0.4949 20
1781184155897 0.48769 21
1781184203086 0.48924 22
1781184251408 0.47739 23
1781184300573 0.47966 24
1781184348382 0.47795 25
1781184396455 0.47096 26
1781184444036 0.46783 27
1781184491392 0.46973 28
1781184540307 0.46341 29
1781184588685 0.46682 30
1781184637069 0.45584 31
1781184684685 0.45314 32
1781184732778 0.46004 33
1781184780825 0.45134 34
1781184828385 0.44629 35
1781184875778 0.44766 36
1781184924060 0.4399 37
1781184971719 0.44029 38
1781185019818 0.43722 39
1781185068192 0.43752 40
1781185116982 0.43542 41
1781185165092 0.43579 42
1781185213101 0.43001 43
1781185260917 0.42741 44
1781185309047 0.43039 45
1781185356127 0.42504 46
1781185404308 0.41872 47
1781185452915 0.41838 48
1781185500936 0.41521 49
1781185548955 0.41208 50
1781185597201 0.41311 51
1781185645464 0.41061 52
