1781183177234 0.97029 0
1781183218778 0.91328 1
1781183262015 0.89924 2
1781183306729 0.89134 3
1781183350511 0.88967 4
1781183395850 0.88699 5
1781183441156 0.88406 6
1781183487557 0.88276 7
1781183534661 0.88126 8
1781183584514 0.88095 9
1781183632168 0.87619 10
1781183679273 0.87644 11
1781183727269 0.87318 12
1781183774714 0.87417 13
1781183822178 0.8733 14
1781183869356 0.87183 15
1781183916851 0.86799 16
1781183964425 0.8698 17
1781184012634 0.87022 18
1781184060442 0.86607 19
1781184108091 0.86567 20
1781184155897 0.86253 21
1781184203086 0.86707 22
1781184251408 0.86533 23
1781184300573 0.86721 24
1781184348382 0.86331 25
1781184396455 0.8648 26
1781184444036 0.85959 27
1781184491392 0.86038 28
1781184540307 0.86016 29
1781184588685 0.85888 30
1781184637069 0.86138 31
1781184684685 0.8592 32
1781184732778 0.8581 33
1781184780825 0.85387 34
1781184828385 0.85681 35
1781184875778 0.85533 36
1781184924060 0.85371 37
1781184971719 0.85558 38
1781185019818 0.85582 39
1781185068192 0.85214 40
1781185116982 0.85162 41
1781185165092 0.85192 42
1781185213101 0.8512 43
1781185260917 0.84892 44
1781185309047 0.85141 45
1781185356127 0.8484 46
1781185404308 0.84532 47
1781185452915 0.84656 48
1781185500936 0.84718 49
1781185548955 0.84701 50
1781185597201 0.84713 51
1781185645464 0.84512 52
