1780977142961 0.50594 0
1780977207306 0.84985 1
1780977260902 0.87155 2
1780977316861 0.89502 3
1780977372584 0.91032 4
1780977428907 0.90935 5
1780977486105 0.91633 6
1780977544805 0.91115 7
1780977602610 0.92301 8
1780977660803 0.92178 9
1780977718756 0.92484 10
1780977776567 0.91662 11
1780977833893 0.92135 12
1780977891289 0.92514 13
1780977949432 0.92097 14
1780978007330 0.92983 15
1780978064299 0.92778 16
1780978121109 0.92254 17
1780978178212 0.92537 18
1780978235831 0.93161 19
1780978294491 0.92698 20
1780978351441 0.92531 21
1780978409368 0.92266 22
1780978466966 0.91613 23
1780978524172 0.92406 24
1780978582838 0.92892 25
1780978641781 0.92746 26
1780978700951 0.9252 27
1780978758249 0.93177 28
1780978816083 0.91364 29
1780978823976 0.931970876556815 29
