1780977142961 0.31579 0
1780977207306 0.5545 1
1780977260902 0.60576 2
1780977316861 0.61508 3
1780977372584 0.62893 4
1780977428907 0.61514 5
1780977486105 0.64269 6
1780977544805 0.62998 7
1780977602610 0.65035 8
1780977660803 0.66151 9
1780977718756 0.65803 10
1780977776567 0.65893 11
1780977833893 0.66783 12
1780977891289 0.65821 13
1780977949432 0.66204 14
1780978007330 0.67561 15
1780978064299 0.67616 16
1780978121109 0.67235 17
1780978178212 0.66782 18
1780978235831 0.68377 19
1780978294491 0.67552 20
1780978351441 0.67226 21
1780978409368 0.67522 22
1780978466966 0.65809 23
1780978524172 0.65862 24
1780978582838 0.67033 25
1780978641781 0.67376 26
1780978700951 0.67111 27
1780978758249 0.6765 28
1780978816083 0.67104 29
1780978823976 0.6840923432282163 29
