1780977142961 0.50547 0
1780977207306 0.90148 1
1780977260902 0.92662 2
1780977316861 0.93704 3
1780977372584 0.9205 4
1780977428907 0.91204 5
1780977486105 0.91957 6
1780977544805 0.91259 7
1780977602610 0.91156 8
1780977660803 0.91516 9
1780977718756 0.923 10
1780977776567 0.91702 11
1780977833893 0.92407 12
1780977891289 0.92183 13
1780977949432 0.90292 14
1780978007330 0.91921 15
1780978064299 0.94059 16
1780978121109 0.92544 17
1780978178212 0.92763 18
1780978235831 0.93 19
1780978294491 0.92531 20
1780978351441 0.93303 21
1780978409368 0.92313 22
1780978466966 0.91718 23
1780978524172 0.92661 24
1780978582838 0.91805 25
1780978641781 0.92532 26
1780978700951 0.91695 27
1780978758249 0.92431 28
1780978816083 0.91501 29
1780978823976 0.9298023715971635 29
