1780977142961 0.55351 0
1780977207306 0.77488 1
1780977260902 0.78637 2
1780977316861 0.82626 3
1780977372584 0.85801 4
1780977428907 0.88666 5
1780977486105 0.8859 6
1780977544805 0.88021 7
1780977602610 0.90291 8
1780977660803 0.89299 9
1780977718756 0.90189 10
1780977776567 0.88887 11
1780977833893 0.89036 12
1780977891289 0.90224 13
1780977949432 0.88624 14
1780978007330 0.91633 15
1780978064299 0.89828 16
1780978121109 0.89893 17
1780978178212 0.90312 18
1780978235831 0.91296 19
1780978294491 0.91476 20
1780978351441 0.90039 21
1780978409368 0.90127 22
1780978466966 0.90442 23
1780978524172 0.90644 24
1780978582838 0.91319 25
1780978641781 0.90869 26
1780978700951 0.90523 27
1780978758249 0.90801 28
1780978816083 0.89539 29
1780978823976 0.912516979078415 29
