1781183179439 0.33642 0
1781183220987 0.57296 1
1781183264168 0.6113 2
1781183309161 0.5983 3
1781183352774 0.63288 4
1781183398150 0.62889 5
1781183443551 0.63451 6
1781183490031 0.62695 7
1781183537123 0.65935 8
1781183587098 0.6414 9
1781183634708 0.65089 10
1781183681738 0.65503 11
1781183729845 0.65995 12
1781183777213 0.66615 13
1781183824607 0.65718 14
1781183871743 0.6709 15
1781183919284 0.66935 16
1781183967121 0.66446 17
1781184015078 0.66559 18
1781184062969 0.65239 19
1781184110752 0.67079 20
1781184158341 0.65727 21
1781184205581 0.67924 22
1781184253998 0.67397 23
1781184303116 0.66337 24
1781184350878 0.68019 25
1781184398930 0.66885 26
1781184446515 0.67457 27
1781184494266 0.67355 28
1781184542736 0.67594 29
1781184591182 0.68607 30
1781184639602 0.69093 31
1781184687250 0.68375 32
1781184735373 0.67548 33
1781184783349 0.67556 34
1781184830809 0.68845 35
1781184878223 0.67935 36
1781184926567 0.69029 37
1781184974189 0.6858 38
1781185022391 0.69465 39
1781185070741 0.68626 40
1781185119469 0.69004 41
1781185167552 0.69597 42
1781185215650 0.68728 43
1781185263431 0.68223 44
1781185311478 0.69033 45
1781185358671 0.69304 46
1781185406749 0.68979 47
1781185455499 0.69297 48
1781185503374 0.68893 49
1781185551418 0.69472 50
1781185599712 0.6868 51
1781185648039 0.6862 52
1781185654551 0.6958207062109033 52
