1781183179439 0.53323 0
1781183220987 0.84917 1
1781183264168 0.88517 2
1781183309161 0.89497 3
1781183352774 0.9096 4
1781183398150 0.91572 5
1781183443551 0.91121 6
1781183490031 0.91044 7
1781183537123 0.91983 8
1781183587098 0.92357 9
1781183634708 0.92182 10
1781183681738 0.91874 11
1781183729845 0.92629 12
1781183777213 0.92744 13
1781183824607 0.92629 14
1781183871743 0.9287 15
1781183919284 0.93028 16
1781183967121 0.92657 17
1781184015078 0.92601 18
1781184062969 0.92718 19
1781184110752 0.92949 20
1781184158341 0.92948 21
1781184205581 0.92727 22
1781184253998 0.92931 23
1781184303116 0.93131 24
1781184350878 0.92855 25
1781184398930 0.92673 26
1781184446515 0.92336 27
1781184494266 0.92776 28
1781184542736 0.92538 29
1781184591182 0.92736 30
1781184639602 0.93245 31
1781184687250 0.92951 32
1781184735373 0.93299 33
1781184783349 0.92939 34
1781184830809 0.93062 35
1781184878223 0.93166 36
1781184926567 0.9282 37
1781184974189 0.92978 38
1781185022391 0.92919 39
1781185070741 0.92878 40
1781185119469 0.9304 41
1781185167552 0.92781 42
1781185215650 0.92952 43
1781185263431 0.92634 44
1781185311478 0.93037 45
1781185358671 0.92589 46
1781185406749 0.92919 47
1781185455499 0.92593 48
1781185503374 0.92569 49
1781185551418 0.93105 50
1781185599712 0.92845 51
1781185648039 0.92554 52
1781185654551 0.9278474165764238 52
