1781183179439 0.55043 0
1781183220987 0.90867 1
1781183264168 0.94584 2
1781183309161 0.94655 3
1781183352774 0.87932 4
1781183398150 0.91621 5
1781183443551 0.91654 6
1781183490031 0.89384 7
1781183537123 0.90542 8
1781183587098 0.93442 9
1781183634708 0.94207 10
1781183681738 0.91329 11
1781183729845 0.92827 12
1781183777213 0.94712 13
1781183824607 0.92373 14
1781183871743 0.92977 15
1781183919284 0.94005 16
1781183967121 0.91871 17
1781184015078 0.92175 18
1781184062969 0.92369 19
1781184110752 0.92969 20
1781184158341 0.9384 21
1781184205581 0.93138 22
1781184253998 0.94776 23
1781184303116 0.94313 24
1781184350878 0.91927 25
1781184398930 0.92912 26
1781184446515 0.92627 27
1781184494266 0.94726 28
1781184542736 0.94325 29
1781184591182 0.93947 30
1781184639602 0.9385 31
1781184687250 0.94591 32
1781184735373 0.94508 33
1781184783349 0.9389 34
1781184830809 0.95421 35
1781184878223 0.94126 36
1781184926567 0.93427 37
1781184974189 0.941 38
1781185022391 0.93868 39
1781185070741 0.92951 40
1781185119469 0.93632 41
1781185167552 0.95656 42
1781185215650 0.94012 43
1781185263431 0.94264 44
1781185311478 0.95447 45
1781185358671 0.93432 46
1781185406749 0.93693 47
1781185455499 0.94283 48
1781185503374 0.92521 49
1781185551418 0.94071 50
1781185599712 0.93679 51
1781185648039 0.9404 52
1781185654551 0.9568103334208288 52
