1781183179439 0.60413 0
1781183220987 0.77873 1
1781183264168 0.81697 2
1781183309161 0.82813 3
1781183352774 0.86886 4
1781183398150 0.87875 5
1781183443551 0.86527 6
1781183490031 0.86377 7
1781183537123 0.89223 8
1781183587098 0.89466 9
1781183634708 0.89027 10
1781183681738 0.90332 11
1781183729845 0.90486 12
1781183777213 0.89413 13
1781183824607 0.89887 14
1781183871743 0.91252 15
1781183919284 0.91079 16
1781183967121 0.9027 17
1781184015078 0.90708 18
1781184062969 0.89069 19
1781184110752 0.91417 20
1781184158341 0.90661 21
1781184205581 0.91174 22
1781184253998 0.91115 23
1781184303116 0.91406 24
1781184350878 0.92457 25
1781184398930 0.92239 26
1781184446515 0.91918 27
1781184494266 0.91076 28
1781184542736 0.9039 29
1781184591182 0.91378 30
1781184639602 0.92114 31
1781184687250 0.91945 32
1781184735373 0.92594 33
1781184783349 0.92303 34
1781184830809 0.91205 35
1781184878223 0.91729 36
1781184926567 0.92117 37
1781184974189 0.92212 38
1781185022391 0.91528 39
1781185070741 0.91392 40
1781185119469 0.92287 41
1781185167552 0.90989 42
1781185215650 0.91713 43
1781185263431 0.90796 44
1781185311478 0.91423 45
1781185358671 0.9189 46
1781185406749 0.91272 47
1781185455499 0.91702 48
1781185503374 0.91971 49
1781185551418 0.92028 50
1781185599712 0.92258 51
1781185648039 0.91447 52
1781185654551 0.9098864254466176 52
