1781529441495 0.00019553333333333333 0
1781529480425 0.0003914377002912554 1
1781529521151 0.0005869594487353992 2
1781529564634 0.0005867082654173725 3
1781529606452 0.0005857049049645919 4
1781529649914 0.0005844165684136208 5
1781529691286 0.0005828445271970921 6
1781529733451 0.0005809903327298918 7
1781529774813 0.0005788558148780993 8
1781529816623 0.000576443080153131 9
1781529858739 0.0005737545096328674 10
1781529900622 0.0005707927566118168 11
1781529942361 0.0005675607439826344 12
1781529984436 0.0005640616613515795 13
1781530025949 0.0005602989618907596 14
1781530067628 0.0005562763589302663 15
1781530110350 0.0005519978222935669 16
1781530152891 0.0005474675743797679 17
1781530194957 0.0005426900859966165 18
1781530237498 0.0005376700719483539 19
1781530280490 0.0005324124863827722 20
1781530322766 0.0005269225179020684 21
1781530364607 0.0005212055844423212 22
1781530407231 0.0005152673279266416 23
1781530490832 0.000509113608697276 24
1781530575046 0.0005027504997321565 25
1781530661368 0.000496184280651604 26
1781530747850 0.000489421431521102 27
1781530831829 0.00048246862645625363 28
1781530913824 0.00047533272703623533 29
1781530995942 0.00046802077553224723 30
1781531078589 0.00046053998795764114 31
1781531160265 0.00045289774694658673 32
1781531240204 0.000445101594468303 33
1781531320214 0.0004371592243840452 34
1781531399590 0.00042907847485419253 35
1781531479436 0.00042086732060293 36
1781531556500 0.00041253386504815916 37
1781531602807 0.0004040863323044024 38
1781531653750 0.00039553305906659455 39
