1782027241699 0.00019506666666666667 0
1782027307207 0.00039097114760914425 1
1782027375840 0.0005864932378944655 2
1782027446964 0.0005867082654173725 3
1782027520839 0.0005857049049645919 4
1782027596689 0.0005844165684136208 5
1782027673369 0.0005828445271970921 6
1782027750457 0.0005809903327298918 7
1782027827859 0.0005788558148780993 8
1782027907044 0.000576443080153131 9
1782027984006 0.0005737545096328674 10
1782028062671 0.0005707927566118168 11
1782028141015 0.0005675607439826344 12
1782028216516 0.0005640616613515795 13
1782028293262 0.0005602989618907596 14
1782028370008 0.0005562763589302663 15
1782028445383 0.0005519978222935669 16
1782028521590 0.0005474675743797679 17
1782028598683 0.0005426900859966165 18
1782028675034 0.0005376700719483539 19
1782028750376 0.0005324124863827722 20
1782028826768 0.0005269225179020684 21
1782028904188 0.0005212055844423212 22
1782028979791 0.0005152673279266416 23
1782029056544 0.000509113608697276 24
1782029131882 0.0005027504997321565 25
1782029207336 0.000496184280651604 26
1782029282190 0.000489421431521102 27
1782029357421 0.00048246862645625363 28
1782029433111 0.00047533272703623533 29
1782029515193 0.00046802077553224723 30
1782029599659 0.00046053998795764114 31
1782029676935 0.00045289774694658673 32
1782029752255 0.000445101594468303 33
1782029824261 0.0004371592243840452 34
1782029896409 0.00042907847485419253 35
1782029971217 0.00042086732060293 36
1782030042943 0.00041253386504815916 37
1782030114689 0.0004040863323044024 38
1782030188994 0.00039553305906659455 39
1782030260719 0.00038688248638277223 40
1782030331724 0.0003781431513237781 41
1782030405948 0.0003693236785582026 42
